"Conservation Feature","Feature Name","Target","Amount Held","Occurrence Target ","Occurrences Held","Separation Target ","Separation Achieved","Target Met","MPM"
20,,1528.000000,1528.000000,0,1528,0,0,yes,1.000000
19,,1540455000.000000,1540210000.000000,0,572,0,0,no,0.999841
18,,429297000.000000,540040000.000000,0,148,0,0,yes,1.000000
17,,1241586000.000000,1300550000.000000,0,593,0,0,yes,1.000000
16,,48534000.000000,48950000.000000,0,238,0,0,yes,1.000000
15,,1990737000.000000,1991090000.000000,0,580,0,0,yes,1.000000
14,,2901000.000000,2010000.000000,0,2,0,0,no,0.692865
13,,3347238000.000000,2903320000.000000,0,1034,0,0,no,0.867378
12,,1080336000.000000,807070000.000000,0,936,0,0,no,0.747055
11,,2150724000.000000,2150780000.000000,0,901,0,0,yes,1.000000
10,,2024391000.000000,2024380000.000000,0,514,0,0,no,0.999995
9,,1075698000.000000,1045020000.000000,0,394,0,0,no,0.971481
8,,870981000.000000,476690000.000000,0,425,0,0,no,0.547302
7,,136449000.000000,86930000.000000,0,93,0,0,no,0.637088
6,,93306000.000000,93370000.000000,0,252,0,0,yes,1.000000
5,,120753000.000000,131850000.000000,0,489,0,0,yes,1.000000
4,,842415000.000000,811990000.000000,0,556,0,0,no,0.963884
3,,45678000.000000,54670000.000000,0,228,0,0,yes,1.000000
2,,145032000.000000,230580000.000000,0,747,0,0,yes,1.000000
1,,215232000.000000,215230000.000000,0,438,0,0,no,0.999991
