"Conservation Feature","Feature Name","Target","Amount Held","Occurrence Target ","Occurrences Held","Separation Target ","Separation Achieved","Target Met","MPM"
20,,1528.000000,1528.000000,0,1528,0,0,yes,1.000000
19,,1540455000.000000,1540450000.000000,0,566,0,0,no,0.999997
18,,429297000.000000,540530000.000000,0,148,0,0,yes,1.000000
17,,1241586000.000000,1287640000.000000,0,586,0,0,yes,1.000000
16,,48534000.000000,48590000.000000,0,233,0,0,yes,1.000000
15,,1990737000.000000,1990780000.000000,0,585,0,0,yes,1.000000
14,,2901000.000000,2010000.000000,0,2,0,0,no,0.692865
13,,3347238000.000000,2921170000.000000,0,1041,0,0,no,0.872711
12,,1080336000.000000,787210000.000000,0,923,0,0,no,0.728671
11,,2150724000.000000,2150690000.000000,0,902,0,0,no,0.999984
10,,2024391000.000000,2021910000.000000,0,513,0,0,no,0.998774
9,,1075698000.000000,1020550000.000000,0,389,0,0,no,0.948733
8,,870981000.000000,482510000.000000,0,419,0,0,no,0.553985
7,,136449000.000000,94570000.000000,0,94,0,0,no,0.693079
6,,93306000.000000,93350000.000000,0,251,0,0,yes,1.000000
5,,120753000.000000,127230000.000000,0,480,0,0,yes,1.000000
4,,842415000.000000,841680000.000000,0,559,0,0,no,0.999128
3,,45678000.000000,53080000.000000,0,226,0,0,yes,1.000000
2,,145032000.000000,233540000.000000,0,740,0,0,yes,1.000000
1,,215232000.000000,215280000.000000,0,444,0,0,yes,1.000000
