"Conservation Feature","Feature Name","Target","Amount Held","Occurrence Target ","Occurrences Held","Separation Target ","Separation Achieved","Target Met","MPM"
20,,1528.000000,1528.000000,0,1528,0,0,yes,1.000000
19,,1540455000.000000,1540640000.000000,0,573,0,0,yes,1.000000
18,,429297000.000000,517970000.000000,0,142,0,0,yes,1.000000
17,,1241586000.000000,1250340000.000000,0,581,0,0,yes,1.000000
16,,48534000.000000,48550000.000000,0,242,0,0,yes,1.000000
15,,1990737000.000000,1990580000.000000,0,580,0,0,no,0.999921
14,,2901000.000000,2010000.000000,0,2,0,0,no,0.692865
13,,3347238000.000000,2895210000.000000,0,1025,0,0,no,0.864955
12,,1080336000.000000,790510000.000000,0,932,0,0,no,0.731726
11,,2150724000.000000,2150420000.000000,0,900,0,0,no,0.999859
10,,2024391000.000000,2023790000.000000,0,512,0,0,no,0.999703
9,,1075698000.000000,1036420000.000000,0,393,0,0,no,0.963486
8,,870981000.000000,495180000.000000,0,421,0,0,no,0.568531
7,,136449000.000000,92380000.000000,0,95,0,0,no,0.677030
6,,93306000.000000,93780000.000000,0,245,0,0,yes,1.000000
5,,120753000.000000,133960000.000000,0,492,0,0,yes,1.000000
4,,842415000.000000,834180000.000000,0,560,0,0,no,0.990225
3,,45678000.000000,54560000.000000,0,224,0,0,yes,1.000000
2,,145032000.000000,231310000.000000,0,747,0,0,yes,1.000000
1,,215232000.000000,215270000.000000,0,450,0,0,yes,1.000000
