"Conservation Feature","Feature Name","Target","Amount Held","Occurrence Target ","Occurrences Held","Separation Target ","Separation Achieved","Target Met","MPM"
20,,1528.000000,1528.000000,0,1528,0,0,yes,1.000000
19,,1540455000.000000,1540460000.000000,0,575,0,0,yes,1.000000
18,,429297000.000000,553850000.000000,0,149,0,0,yes,1.000000
17,,1241586000.000000,1272210000.000000,0,589,0,0,yes,1.000000
16,,48534000.000000,48550000.000000,0,246,0,0,yes,1.000000
15,,1990737000.000000,1991420000.000000,0,587,0,0,yes,1.000000
14,,2901000.000000,2010000.000000,0,2,0,0,no,0.692865
13,,3347238000.000000,2882900000.000000,0,1022,0,0,no,0.861277
12,,1080336000.000000,795710000.000000,0,927,0,0,no,0.736539
11,,2150724000.000000,2150630000.000000,0,906,0,0,no,0.999956
10,,2024391000.000000,2023770000.000000,0,512,0,0,no,0.999693
9,,1075698000.000000,1025180000.000000,0,390,0,0,no,0.953037
8,,870981000.000000,505430000.000000,0,424,0,0,no,0.580300
7,,136449000.000000,91370000.000000,0,101,0,0,no,0.669627
6,,93306000.000000,93450000.000000,0,250,0,0,yes,1.000000
5,,120753000.000000,134010000.000000,0,492,0,0,yes,1.000000
4,,842415000.000000,835860000.000000,0,575,0,0,no,0.992219
3,,45678000.000000,53600000.000000,0,222,0,0,yes,1.000000
2,,145032000.000000,225970000.000000,0,743,0,0,yes,1.000000
1,,215232000.000000,215300000.000000,0,450,0,0,yes,1.000000
