"Conservation Feature","Feature Name","Target","Amount Held","Occurrence Target ","Occurrences Held","Separation Target ","Separation Achieved","Target Met","MPM"
20,,1528.000000,1528.000000,0,1528,0,0,yes,1.000000
19,,1540455000.000000,1540480000.000000,0,571,0,0,yes,1.000000
18,,429297000.000000,571590000.000000,0,156,0,0,yes,1.000000
17,,1241586000.000000,1287850000.000000,0,591,0,0,yes,1.000000
16,,48534000.000000,48590000.000000,0,240,0,0,yes,1.000000
15,,1990737000.000000,1991070000.000000,0,584,0,0,yes,1.000000
14,,2901000.000000,2010000.000000,0,2,0,0,no,0.692865
13,,3347238000.000000,2853160000.000000,0,1020,0,0,no,0.852392
12,,1080336000.000000,770060000.000000,0,920,0,0,no,0.712797
11,,2150724000.000000,2150640000.000000,0,901,0,0,no,0.999961
10,,2024391000.000000,2022390000.000000,0,511,0,0,no,0.999012
9,,1075698000.000000,1008770000.000000,0,385,0,0,no,0.937782
8,,870981000.000000,492670000.000000,0,423,0,0,no,0.565650
7,,136449000.000000,92740000.000000,0,100,0,0,no,0.679668
6,,93306000.000000,93660000.000000,0,254,0,0,yes,1.000000
5,,120753000.000000,132710000.000000,0,487,0,0,yes,1.000000
4,,842415000.000000,842360000.000000,0,572,0,0,no,0.999935
3,,45678000.000000,60520000.000000,0,228,0,0,yes,1.000000
2,,145032000.000000,226660000.000000,0,740,0,0,yes,1.000000
1,,215232000.000000,215250000.000000,0,446,0,0,yes,1.000000
