"Conservation Feature","Feature Name","Target","Amount Held","Occurrence Target ","Occurrences Held","Separation Target ","Separation Achieved","Target Met","MPM"
20,,1528.000000,1528.000000,0,1528,0,0,yes,1.000000
19,,1540455000.000000,1540460000.000000,0,570,0,0,yes,1.000000
18,,429297000.000000,559180000.000000,0,153,0,0,yes,1.000000
17,,1241586000.000000,1268870000.000000,0,584,0,0,yes,1.000000
16,,48534000.000000,49080000.000000,0,240,0,0,yes,1.000000
15,,1990737000.000000,1990760000.000000,0,580,0,0,yes,1.000000
14,,2901000.000000,2900000.000000,0,5,0,0,no,0.999655
13,,3347238000.000000,2863810000.000000,0,1029,0,0,no,0.855574
12,,1080336000.000000,797740000.000000,0,923,0,0,no,0.738418
11,,2150724000.000000,2149670000.000000,0,904,0,0,no,0.999510
10,,2024391000.000000,2022410000.000000,0,515,0,0,no,0.999021
9,,1075698000.000000,1037770000.000000,0,393,0,0,no,0.964741
8,,870981000.000000,497510000.000000,0,424,0,0,no,0.571206
7,,136449000.000000,89090000.000000,0,96,0,0,no,0.652918
6,,93306000.000000,93360000.000000,0,243,0,0,yes,1.000000
5,,120753000.000000,128350000.000000,0,482,0,0,yes,1.000000
4,,842415000.000000,831800000.000000,0,569,0,0,no,0.987399
3,,45678000.000000,54090000.000000,0,223,0,0,yes,1.000000
2,,145032000.000000,230210000.000000,0,738,0,0,yes,1.000000
1,,215232000.000000,215280000.000000,0,441,0,0,yes,1.000000
