"Conservation Feature","Feature Name","Target","Amount Held","Occurrence Target ","Occurrences Held","Separation Target ","Separation Achieved","Target Met","MPM"
20,,1528.000000,1528.000000,0,1528,0,0,yes,1.000000
19,,1540455000.000000,1539960000.000000,0,567,0,0,no,0.999679
18,,429297000.000000,545040000.000000,0,149,0,0,yes,1.000000
17,,1241586000.000000,1241680000.000000,0,574,0,0,yes,1.000000
16,,48534000.000000,48940000.000000,0,233,0,0,yes,1.000000
15,,1990737000.000000,1991400000.000000,0,589,0,0,yes,1.000000
14,,2901000.000000,2010000.000000,0,2,0,0,no,0.692865
13,,3347238000.000000,2924230000.000000,0,1043,0,0,no,0.873625
12,,1080336000.000000,795530000.000000,0,927,0,0,no,0.736373
11,,2150724000.000000,2149840000.000000,0,904,0,0,no,0.999589
10,,2024391000.000000,2021630000.000000,0,511,0,0,no,0.998636
9,,1075698000.000000,986040000.000000,0,382,0,0,no,0.916651
8,,870981000.000000,535450000.000000,0,437,0,0,no,0.614767
7,,136449000.000000,90030000.000000,0,96,0,0,no,0.659807
6,,93306000.000000,93340000.000000,0,246,0,0,yes,1.000000
5,,120753000.000000,128350000.000000,0,487,0,0,yes,1.000000
4,,842415000.000000,833090000.000000,0,565,0,0,no,0.988931
3,,45678000.000000,56820000.000000,0,226,0,0,yes,1.000000
2,,145032000.000000,230750000.000000,0,738,0,0,yes,1.000000
1,,215232000.000000,215290000.000000,0,444,0,0,yes,1.000000
