"Conservation Feature","Feature Name","Target","Amount Held","Occurrence Target ","Occurrences Held","Separation Target ","Separation Achieved","Target Met","MPM"
20,,1528.000000,1528.000000,0,1528,0,0,yes,1.000000
19,,1540455000.000000,1540210000.000000,0,570,0,0,no,0.999841
18,,429297000.000000,574030000.000000,0,156,0,0,yes,1.000000
17,,1241586000.000000,1277670000.000000,0,589,0,0,yes,1.000000
16,,48534000.000000,48600000.000000,0,243,0,0,yes,1.000000
15,,1990737000.000000,1990180000.000000,0,585,0,0,no,0.999720
14,,2901000.000000,2010000.000000,0,2,0,0,no,0.692865
13,,3347238000.000000,2901800000.000000,0,1029,0,0,no,0.866924
12,,1080336000.000000,773260000.000000,0,924,0,0,no,0.715759
11,,2150724000.000000,2149580000.000000,0,900,0,0,no,0.999468
10,,2024391000.000000,2023790000.000000,0,511,0,0,no,0.999703
9,,1075698000.000000,1057270000.000000,0,394,0,0,no,0.982869
8,,870981000.000000,499740000.000000,0,423,0,0,no,0.573767
7,,136449000.000000,91690000.000000,0,99,0,0,no,0.671973
6,,93306000.000000,93310000.000000,0,244,0,0,yes,1.000000
5,,120753000.000000,132750000.000000,0,492,0,0,yes,1.000000
4,,842415000.000000,816250000.000000,0,554,0,0,no,0.968940
3,,45678000.000000,56900000.000000,0,221,0,0,yes,1.000000
2,,145032000.000000,231590000.000000,0,748,0,0,yes,1.000000
1,,215232000.000000,215410000.000000,0,448,0,0,yes,1.000000
