"Conservation Feature","Feature Name","Target","Amount Held","Occurrence Target ","Occurrences Held","Separation Target ","Separation Achieved","Target Met","MPM"
20,,1528.000000,1528.000000,0,1528,0,0,yes,1.000000
19,,1540455000.000000,1539490000.000000,0,576,0,0,no,0.999374
18,,429297000.000000,550680000.000000,0,152,0,0,yes,1.000000
17,,1241586000.000000,1274150000.000000,0,587,0,0,yes,1.000000
16,,48534000.000000,48730000.000000,0,231,0,0,yes,1.000000
15,,1990737000.000000,1990910000.000000,0,583,0,0,yes,1.000000
14,,2901000.000000,2010000.000000,0,2,0,0,no,0.692865
13,,3347238000.000000,2875300000.000000,0,1020,0,0,no,0.859007
12,,1080336000.000000,799150000.000000,0,929,0,0,no,0.739724
11,,2150724000.000000,2150740000.000000,0,897,0,0,yes,1.000000
10,,2024391000.000000,2021300000.000000,0,514,0,0,no,0.998473
9,,1075698000.000000,996250000.000000,0,382,0,0,no,0.926143
8,,870981000.000000,530430000.000000,0,430,0,0,no,0.609003
7,,136449000.000000,95150000.000000,0,100,0,0,no,0.697330
6,,93306000.000000,93430000.000000,0,250,0,0,yes,1.000000
5,,120753000.000000,132400000.000000,0,487,0,0,yes,1.000000
4,,842415000.000000,840500000.000000,0,562,0,0,no,0.997727
3,,45678000.000000,55960000.000000,0,225,0,0,yes,1.000000
2,,145032000.000000,221170000.000000,0,731,0,0,yes,1.000000
1,,215232000.000000,215190000.000000,0,451,0,0,no,0.999805
