"Conservation Feature","Feature Name","Target","Amount Held","Occurrence Target ","Occurrences Held","Separation Target ","Separation Achieved","Target Met","MPM"
20,,1528.000000,1528.000000,0,1528,0,0,yes,1.000000
19,,1540455000.000000,1540430000.000000,0,574,0,0,no,0.999984
18,,429297000.000000,532730000.000000,0,145,0,0,yes,1.000000
17,,1241586000.000000,1294190000.000000,0,591,0,0,yes,1.000000
16,,48534000.000000,48620000.000000,0,240,0,0,yes,1.000000
15,,1990737000.000000,1991130000.000000,0,586,0,0,yes,1.000000
14,,2901000.000000,2010000.000000,0,2,0,0,no,0.692865
13,,3347238000.000000,2869830000.000000,0,1019,0,0,no,0.857373
12,,1080336000.000000,777000000.000000,0,928,0,0,no,0.719221
11,,2150724000.000000,2150280000.000000,0,906,0,0,no,0.999794
10,,2024391000.000000,2022990000.000000,0,513,0,0,no,0.999308
9,,1075698000.000000,1051250000.000000,0,398,0,0,no,0.977272
8,,870981000.000000,519310000.000000,0,430,0,0,no,0.596236
7,,136449000.000000,97090000.000000,0,104,0,0,no,0.711548
6,,93306000.000000,93320000.000000,0,246,0,0,yes,1.000000
5,,120753000.000000,132220000.000000,0,491,0,0,yes,1.000000
4,,842415000.000000,842450000.000000,0,567,0,0,yes,1.000000
3,,45678000.000000,57130000.000000,0,224,0,0,yes,1.000000
2,,145032000.000000,230030000.000000,0,749,0,0,yes,1.000000
1,,215232000.000000,214970000.000000,0,456,0,0,no,0.998783
