"Conservation Feature","Feature Name","Target","Amount Held","Occurrence Target ","Occurrences Held","Separation Target ","Separation Achieved","Target Met","MPM"
20,,1528.000000,1528.000000,0,1528,0,0,yes,1.000000
19,,1540455000.000000,1540160000.000000,0,578,0,0,no,0.999808
18,,429297000.000000,549700000.000000,0,151,0,0,yes,1.000000
17,,1241586000.000000,1309530000.000000,0,590,0,0,yes,1.000000
16,,48534000.000000,48630000.000000,0,239,0,0,yes,1.000000
15,,1990737000.000000,1990520000.000000,0,583,0,0,no,0.999891
14,,2901000.000000,2010000.000000,0,2,0,0,no,0.692865
13,,3347238000.000000,2938310000.000000,0,1035,0,0,no,0.877831
12,,1080336000.000000,777070000.000000,0,928,0,0,no,0.719285
11,,2150724000.000000,2149600000.000000,0,901,0,0,no,0.999477
10,,2024391000.000000,2024040000.000000,0,513,0,0,no,0.999827
9,,1075698000.000000,997480000.000000,0,384,0,0,no,0.927286
8,,870981000.000000,503960000.000000,0,427,0,0,no,0.578612
7,,136449000.000000,88730000.000000,0,103,0,0,no,0.650280
6,,93306000.000000,93400000.000000,0,244,0,0,yes,1.000000
5,,120753000.000000,132950000.000000,0,495,0,0,yes,1.000000
4,,842415000.000000,833870000.000000,0,558,0,0,no,0.989857
3,,45678000.000000,57200000.000000,0,228,0,0,yes,1.000000
2,,145032000.000000,232800000.000000,0,750,0,0,yes,1.000000
1,,215232000.000000,215290000.000000,0,439,0,0,yes,1.000000
