"Conservation Feature","Feature Name","Target","Amount Held","Occurrence Target ","Occurrences Held","Separation Target ","Separation Achieved","Target Met","MPM"
20,,1528.000000,1528.000000,0,1528,0,0,yes,1.000000
19,,1540455000.000000,1540580000.000000,0,564,0,0,yes,1.000000
18,,429297000.000000,534770000.000000,0,147,0,0,yes,1.000000
17,,1241586000.000000,1242960000.000000,0,574,0,0,yes,1.000000
16,,48534000.000000,48620000.000000,0,238,0,0,yes,1.000000
15,,1990737000.000000,1990850000.000000,0,580,0,0,yes,1.000000
14,,2901000.000000,2010000.000000,0,2,0,0,no,0.692865
13,,3347238000.000000,2904700000.000000,0,1028,0,0,no,0.867790
12,,1080336000.000000,814920000.000000,0,936,0,0,no,0.754321
11,,2150724000.000000,2150940000.000000,0,891,0,0,yes,1.000000
10,,2024391000.000000,2020990000.000000,0,513,0,0,no,0.998320
9,,1075698000.000000,988060000.000000,0,386,0,0,no,0.918529
8,,870981000.000000,509870000.000000,0,427,0,0,no,0.585397
7,,136449000.000000,97030000.000000,0,91,0,0,no,0.711108
6,,93306000.000000,93400000.000000,0,248,0,0,yes,1.000000
5,,120753000.000000,129850000.000000,0,483,0,0,yes,1.000000
4,,842415000.000000,838930000.000000,0,558,0,0,no,0.995863
3,,45678000.000000,54140000.000000,0,225,0,0,yes,1.000000
2,,145032000.000000,221710000.000000,0,732,0,0,yes,1.000000
1,,215232000.000000,215240000.000000,0,436,0,0,yes,1.000000
