"Run_Number","Score","Cost","Planning_Units","Connectivity","Connectivity_Total","Connectivity_In","Connectivity_Edge","Connectivity_Out","Connectivity_In_Fraction","Penalty","Shortfall","Missing_Values","MPM"
1,15700643636.059303,14356076341.000000,3881,11541300.000000,45611714.000000,7758732.000000,11541300.000000,26311682.000000,0.170104,1229154295.059304,1191197000.000000,12,0.577889
2,15737750073.609467,14533444541.000000,3903,11471804.000000,45611714.000000,7862976.000000,11471804.000000,26276934.000000,0.172389,1089587492.609466,1145840000.000000,11,0.562883
3,15656715551.016855,14287933912.000000,3870,11387416.000000,45611714.000000,7805890.000000,11387416.000000,26418408.000000,0.171138,1254907479.016856,1203899000.000000,8,0.585397
4,15549840799.749664,14142575740.000000,3867,11219881.000000,45611714.000000,7880350.000000,11219881.000000,26511483.000000,0.172770,1295066249.749664,1251898000.000000,10,0.589611
5,15680481796.904854,14186012314.000000,3819,11444502.000000,45611714.000000,7606089.000000,11444502.000000,26561123.000000,0.166757,1380024462.904854,1326373000.000000,9,0.529219
6,15502606141.130577,14052683196.000000,3855,11275726.000000,45611714.000000,7808372.000000,11275726.000000,26527616.000000,0.171192,1337165685.130578,1280992000.000000,11,0.581379
7,15770326338.212255,14529720340.000000,3890,11590940.000000,45611714.000000,7769901.000000,11590940.000000,26250873.000000,0.170349,1124696598.212256,1162103000.000000,9,0.541309
8,15821588965.684893,14513468409.000000,3913,11744824.000000,45611714.000000,7753768.000000,11744824.000000,26113122.000000,0.169995,1190672316.684893,1192369000.000000,11,0.597476
9,15772536925.258526,14388460539.000000,3874,11528890.000000,45611714.000000,7741358.000000,11528890.000000,26341466.000000,0.169723,1268787486.258527,1250820000.000000,10,0.580082
10,15834784707.456957,14639253862.000000,3891,11530131.000000,45611714.000000,7809613.000000,11530131.000000,26271970.000000,0.171219,1080229535.456957,1126385000.000000,11,0.556419
11,15443712835.511414,14064669753.000000,3891,11213676.000000,45611714.000000,7939918.000000,11213676.000000,26458120.000000,0.174076,1266906322.511414,1238050000.000000,11,0.540437
12,15722546309.700085,14400233832.000000,3883,11561156.000000,45611714.000000,7751286.000000,11561156.000000,26299272.000000,0.169941,1206700917.700085,1214317000.000000,12,0.579083
13,15660615820.358986,14388512694.000000,3889,11428369.000000,45611714.000000,7843120.000000,11428369.000000,26340225.000000,0.171954,1157819436.358986,1179792000.000000,11,0.566740
14,15778861092.426971,14464675648.000000,3904,11367560.000000,45611714.000000,7916339.000000,11367560.000000,26327815.000000,0.173559,1200509844.426972,1197610000.000000,11,0.565948
15,15967873205.768929,14643378742.000000,3872,11511516.000000,45611714.000000,7748804.000000,11511516.000000,26351394.000000,0.169886,1209379303.768929,1219684000.000000,9,0.569748
16,15690568818.673407,14363242754.000000,3904,11429610.000000,45611714.000000,7884073.000000,11429610.000000,26298031.000000,0.172852,1213029964.673406,1182644000.000000,9,0.581299
17,15731722983.495968,14390033308.000000,3890,11442020.000000,45611714.000000,7836915.000000,11442020.000000,26332779.000000,0.171818,1227269475.495969,1226068000.000000,10,0.550586
18,15871234951.774172,14493689204.000000,3876,11691461.000000,45611714.000000,7660693.000000,11691461.000000,26259560.000000,0.167955,1260631137.774171,1231239000.000000,10,0.554937
19,15771499059.757805,14541959831.000000,3906,11638098.000000,45611714.000000,7788516.000000,11638098.000000,26185100.000000,0.170757,1113158248.757804,1152314000.000000,11,0.554340
20,15734981121.167175,14330793268.000000,3862,11453189.000000,45611714.000000,7738876.000000,11453189.000000,26419649.000000,0.169669,1289655963.167176,1257126000.000000,11,0.579301
21,15756028794.419533,14423985891.000000,3893,11618242.000000,45611714.000000,7774865.000000,11618242.000000,26218607.000000,0.170458,1215860483.419534,1185385000.000000,11,0.576855
22,15836613709.723194,14553781088.000000,3882,11618242.000000,45611714.000000,7732671.000000,11618242.000000,26260801.000000,0.169533,1166650201.723195,1175086000.000000,11,0.570277
23,15850621071.075813,14522130711.000000,3888,11584735.000000,45611714.000000,7759973.000000,11584735.000000,26267006.000000,0.170131,1212643010.075812,1216545000.000000,11,0.573767
24,15792727637.847488,14434533954.000000,3887,11499106.000000,45611714.000000,7799685.000000,11499106.000000,26312923.000000,0.171002,1243202623.847489,1210827000.000000,10,0.562469
25,15800855960.272493,14452934513.000000,3871,11455671.000000,45611714.000000,7768660.000000,11455671.000000,26387383.000000,0.170322,1233364737.272494,1222063000.000000,9,0.572653
26,15688708509.788223,14401084849.000000,3888,11548746.000000,45611714.000000,7782311.000000,11548746.000000,26280657.000000,0.170621,1172136200.788223,1186061000.000000,10,0.555477
27,15683360589.498428,14299031363.000000,3884,11479250.000000,45611714.000000,7793480.000000,11479250.000000,26338984.000000,0.170866,1269536726.498428,1239478000.000000,10,0.565937
28,15670791942.314333,14406399947.000000,3877,11382452.000000,45611714.000000,7836915.000000,11382452.000000,26392347.000000,0.171818,1150567475.314332,1187441000.000000,10,0.563629
29,15722043461.818979,14367551569.000000,3878,11440779.000000,45611714.000000,7804649.000000,11440779.000000,26366286.000000,0.171111,1240084102.818979,1223246000.000000,10,0.547302
30,15850151893.789648,14504555804.000000,3880,11413477.000000,45611714.000000,7825746.000000,11413477.000000,26372491.000000,0.171573,1231461319.789647,1216575000.000000,11,0.578612
31,15783584632.042133,14519446075.000000,3879,11557433.000000,45611714.000000,7746322.000000,11557433.000000,26307959.000000,0.169832,1148564227.042134,1194955000.000000,11,0.564191
32,15600341123.965826,14270386885.000000,3901,11526408.000000,45611714.000000,7828228.000000,11526408.000000,26257078.000000,0.171628,1214690158.965826,1199245000.000000,10,0.596236
33,15824753591.859711,14354359565.000000,3881,11682774.000000,45611714.000000,7678067.000000,11682774.000000,26250873.000000,0.168335,1353566286.859711,1276307000.000000,10,0.562664
34,15585003629.386234,14242689251.000000,3873,11460635.000000,45611714.000000,7779829.000000,11460635.000000,26371250.000000,0.170566,1227708028.386235,1218141000.000000,9,0.563663
35,15751898509.412083,14473645159.000000,3886,11398585.000000,45611714.000000,7849325.000000,11398585.000000,26363804.000000,0.172090,1164267500.412083,1187078000.000000,10,0.580954
36,15614585370.033709,14295945748.000000,3876,11543782.000000,45611714.000000,7746322.000000,11543782.000000,26321610.000000,0.169832,1203201802.033708,1208838000.000000,10,0.553985
37,15588340640.223614,14301420313.000000,3875,11443261.000000,45611714.000000,7789757.000000,11443261.000000,26378696.000000,0.170784,1172487717.223614,1207683000.000000,9,0.525959
38,15777853876.881453,14431654493.000000,3881,11397344.000000,45611714.000000,7829469.000000,11397344.000000,26384901.000000,0.171655,1232225943.881452,1220479000.000000,12,0.550046
39,15773584908.944925,14379548438.000000,3865,11465599.000000,45611714.000000,7740117.000000,11465599.000000,26405998.000000,0.169696,1279380480.944926,1272454000.000000,11,0.554949
40,15654112189.831406,14344132150.000000,3901,11504070.000000,45611714.000000,7838156.000000,11504070.000000,26269488.000000,0.171845,1194939339.831405,1212408000.000000,10,0.564593
41,15705598476.116407,14303554687.000000,3875,11444502.000000,45611714.000000,7781070.000000,11444502.000000,26386142.000000,0.170594,1287598769.116407,1221326000.000000,10,0.609003
42,15567446410.091097,14209114449.000000,3879,11593422.000000,45611714.000000,7733912.000000,11593422.000000,26284380.000000,0.169560,1242397741.091096,1216618000.000000,10,0.588279
43,15625748618.924772,14306829985.000000,3859,11487937.000000,45611714.000000,7714056.000000,11487937.000000,26409721.000000,0.169124,1204039263.924773,1208685000.000000,11,0.555799
44,15690787230.608200,14458567896.000000,3907,11453189.000000,45611714.000000,7884073.000000,11453189.000000,26274452.000000,0.172852,1117687444.608200,1149696000.000000,10,0.556246
45,15873539962.008446,14532571241.000000,3888,11603350.000000,45611714.000000,7750045.000000,11603350.000000,26258319.000000,0.169913,1224935221.008446,1211190000.000000,10,0.568531
46,15769001767.430641,14487968653.000000,3867,11353909.000000,45611714.000000,7818300.000000,11353909.000000,26439505.000000,0.171410,1167494024.430641,1195986000.000000,9,0.578910
47,15886724780.157990,14560891683.000000,3877,11578530.000000,45611714.000000,7737635.000000,11578530.000000,26295549.000000,0.169641,1210047797.157989,1195084000.000000,9,0.562630
48,15763479338.390146,14372366054.000000,3877,11463117.000000,45611714.000000,7786034.000000,11463117.000000,26362563.000000,0.170703,1276482114.390146,1242070000.000000,11,0.573376
49,16008683980.211170,14660267681.000000,3904,11706353.000000,45611714.000000,7747563.000000,11706353.000000,26157798.000000,0.169859,1231352769.211171,1200175000.000000,10,0.591792
50,15923943337.536839,14612414554.000000,3905,11479250.000000,45611714.000000,7859253.000000,11479250.000000,26273211.000000,0.172308,1196736283.536839,1210187000.000000,12,0.580633
51,15672319220.338480,14311823855.000000,3883,11567361.000000,45611714.000000,7752527.000000,11567361.000000,26291826.000000,0.169968,1244821755.338480,1250203000.000000,9,0.554168
52,15777601410.201988,14393816103.000000,3860,11679051.000000,45611714.000000,7623463.000000,11679051.000000,26309200.000000,0.167138,1266994797.201988,1246906000.000000,9,0.551723
53,15786603110.545040,14572418993.000000,3902,11604591.000000,45611714.000000,7783552.000000,11604591.000000,26223571.000000,0.170648,1098138207.545040,1170100000.000000,11,0.551815
54,15500558569.389990,14100839358.000000,3884,11372524.000000,45611714.000000,7843120.000000,11372524.000000,26396070.000000,0.171954,1285993971.389991,1249801000.000000,9,0.588474
55,15840225965.714468,14567217687.000000,3897,11435815.000000,45611714.000000,7862976.000000,11435815.000000,26312923.000000,0.172389,1158650128.714469,1175590000.000000,11,0.546901
56,15605405136.185646,14253915802.000000,3883,11435815.000000,45611714.000000,7810854.000000,11435815.000000,26365045.000000,0.171247,1237131184.185646,1240123000.000000,11,0.565087
57,15830222472.396246,14467059004.000000,3867,11506552.000000,45611714.000000,7742599.000000,11506552.000000,26362563.000000,0.169750,1248097948.396246,1189773000.000000,9,0.613400
58,15655670325.621698,14262762160.000000,3880,11571084.000000,45611714.000000,7737635.000000,11571084.000000,26302995.000000,0.169641,1277197325.621699,1233130000.000000,10,0.594766
59,15586128563.319828,14233341756.000000,3875,11367560.000000,45611714.000000,7817059.000000,11367560.000000,26427095.000000,0.171383,1239111207.319827,1226948000.000000,10,0.574789
60,15586806983.057707,14317103115.000000,3883,11475527.000000,45611714.000000,7803408.000000,11475527.000000,26332779.000000,0.171083,1154948598.057707,1186071000.000000,9,0.569197
61,15835415765.426023,14468096283.000000,3866,11551228.000000,45611714.000000,7704128.000000,11551228.000000,26356358.000000,0.168907,1251807202.426024,1238433000.000000,9,0.571206
62,15756964018.686787,14369307011.000000,3874,11420923.000000,45611714.000000,7795962.000000,11420923.000000,26394829.000000,0.170920,1273447777.686787,1217733000.000000,9,0.579289
63,15760929136.866739,14423336393.000000,3865,11705112.000000,45611714.000000,7640837.000000,11705112.000000,26265765.000000,0.167519,1220541623.866739,1184651000.000000,10,0.591976
64,15804746315.709751,14521446294.000000,3884,11698907.000000,45611714.000000,7689236.000000,11698907.000000,26223571.000000,0.168580,1166310951.709752,1208325000.000000,10,0.525890
65,15828278720.917850,14498659987.000000,3902,11476768.000000,45611714.000000,7861735.000000,11476768.000000,26273211.000000,0.172362,1214851053.917851,1182395000.000000,10,0.585351
66,15782018186.548882,14418757004.000000,3876,11562397.000000,45611714.000000,7737635.000000,11562397.000000,26311682.000000,0.169641,1247637212.548881,1193778000.000000,10,0.614767
67,15589122305.866343,14282651172.000000,3895,11446984.000000,45611714.000000,7845602.000000,11446984.000000,26319128.000000,0.172008,1192001293.866342,1210242000.000000,11,0.554019
68,15713361061.544905,14328978332.000000,3858,11505311.000000,45611714.000000,7719020.000000,11505311.000000,26387383.000000,0.169233,1269329619.544905,1216666000.000000,9,0.608773
69,15556161065.381350,14117277662.000000,3862,11468081.000000,45611714.000000,7735153.000000,11468081.000000,26408480.000000,0.169587,1324202593.381350,1292693000.000000,9,0.532090
70,15800445164.011761,14441661534.000000,3875,11569843.000000,45611714.000000,7720261.000000,11569843.000000,26321610.000000,0.169260,1243085200.011761,1255195000.000000,11,0.539105
71,15655376638.551630,14283950539.000000,3897,11564879.000000,45611714.000000,7788516.000000,11564879.000000,26258319.000000,0.170757,1255777309.551629,1210020000.000000,11,0.593721
72,15366649830.601435,14016066667.000000,3864,11337776.000000,45611714.000000,7808372.000000,11337776.000000,26465566.000000,0.171192,1237205403.601435,1230475000.000000,11,0.542813
73,15696663502.429359,14369943783.000000,3886,11397344.000000,45611714.000000,7845602.000000,11397344.000000,26368768.000000,0.172008,1212746279.429360,1204185000.000000,11,0.582435
74,15819919252.650906,14515257111.000000,3888,11439538.000000,45611714.000000,7819541.000000,11439538.000000,26352635.000000,0.171437,1190266761.650907,1231002000.000000,11,0.547256
75,15927568525.068514,14620197231.000000,3900,11656713.000000,45611714.000000,7763696.000000,11656713.000000,26191305.000000,0.170213,1190804164.068514,1166749000.000000,11,0.602459
76,15730876364.666582,14426654083.000000,3873,11504070.000000,45611714.000000,7756250.000000,11504070.000000,26351394.000000,0.170050,1189181581.666582,1206869000.000000,8,0.562435
77,15820238342.203571,14490633937.000000,3892,11605832.000000,45611714.000000,7758732.000000,11605832.000000,26247150.000000,0.170104,1213546085.203572,1195225000.000000,10,0.578394
78,15750635430.581661,14400691730.000000,3894,11551228.000000,45611714.000000,7793480.000000,11551228.000000,26267006.000000,0.170866,1234431420.581662,1225093000.000000,9,0.575902
79,15854144324.353718,14593614654.000000,3877,11466840.000000,45611714.000000,7798444.000000,11466840.000000,26346430.000000,0.170975,1145861270.353717,1144746000.000000,11,0.587785
80,15607578451.281246,14308201921.000000,3898,11394862.000000,45611714.000000,7896483.000000,11394862.000000,26320369.000000,0.173124,1185427910.281245,1166249000.000000,12,0.581517
81,15750790121.293829,14403586754.000000,3870,11661677.000000,45611714.000000,7671862.000000,11661677.000000,26278175.000000,0.168199,1230586597.293829,1229291000.000000,10,0.562194
82,15835642952.491362,14479325202.000000,3882,11470563.000000,45611714.000000,7795962.000000,11470563.000000,26345189.000000,0.170920,1241612120.491362,1244430000.000000,10,0.568279
83,15793314679.547501,14465150703.000000,3890,11538818.000000,45611714.000000,7799685.000000,11538818.000000,26273211.000000,0.171002,1212775796.547501,1193060000.000000,10,0.600139
84,15698795541.759590,14248997146.000000,3858,11464358.000000,45611714.000000,7723984.000000,11464358.000000,26423372.000000,0.169342,1335154815.759590,1296333000.000000,9,0.565650
85,15433063660.434889,14059106271.000000,3855,11171482.000000,45611714.000000,7865458.000000,11171482.000000,26574774.000000,0.172444,1262242569.434889,1244329000.000000,8,0.554903
86,15593689901.768269,14165765710.000000,3867,11409754.000000,45611714.000000,7771142.000000,11409754.000000,26430818.000000,0.170376,1313826651.768268,1281283000.000000,9,0.566419
87,15466380764.738499,14101867869.000000,3873,11289377.000000,45611714.000000,7856771.000000,11289377.000000,26465566.000000,0.172253,1251619125.738498,1233875000.000000,9,0.554513
88,15943255800.882629,14627675887.000000,3884,11608314.000000,45611714.000000,7722743.000000,11608314.000000,26280657.000000,0.169315,1199496773.882630,1202564000.000000,11,0.573985
89,15810473263.765076,14490818144.000000,3892,11512757.000000,45611714.000000,7803408.000000,11512757.000000,26295549.000000,0.171083,1204527549.765076,1168025000.000000,10,0.616581
90,15609748473.674181,14284712278.000000,3875,11346463.000000,45611714.000000,7843120.000000,11346463.000000,26422131.000000,0.171954,1211571565.674181,1188783000.000000,9,0.581735
91,15607062197.165653,14285449715.000000,3888,11298064.000000,45611714.000000,7903929.000000,11298064.000000,26409721.000000,0.173287,1208631842.165654,1192545000.000000,11,0.570380
92,15790830403.562199,14421648260.000000,3868,11429610.000000,45611714.000000,7782311.000000,11429610.000000,26399793.000000,0.170621,1254886043.562199,1218273000.000000,9,0.580300
93,15801548991.081865,14401738911.000000,3870,11451948.000000,45611714.000000,7769901.000000,11451948.000000,26389865.000000,0.170349,1285290600.081866,1237560000.000000,10,0.580518
94,15676550632.310061,14397536794.000000,3904,11510275.000000,45611714.000000,7846843.000000,11510275.000000,26254596.000000,0.172036,1163911088.310060,1167186000.000000,10,0.585994
95,15619692235.315815,14335516335.000000,3893,11480491.000000,45611714.000000,7823264.000000,11480491.000000,26307959.000000,0.171519,1169370990.315816,1168628000.000000,8,0.571161
96,15746136734.812984,14482080746.000000,3890,11549987.000000,45611714.000000,7784793.000000,11549987.000000,26276934.000000,0.170675,1148556118.812984,1192656000.000000,10,0.560781
97,15739148281.737541,14458138324.000000,3883,11594663.000000,45611714.000000,7736394.000000,11594663.000000,26280657.000000,0.169614,1165063327.737541,1206920000.000000,11,0.550035
98,15750271315.769228,14408559602.000000,3887,11551228.000000,45611714.000000,7776106.000000,11551228.000000,26284380.000000,0.170485,1226199433.769229,1194553000.000000,11,0.598693
99,15559668187.763186,14249508898.000000,3902,11454430.000000,45611714.000000,7871663.000000,11454430.000000,26285621.000000,0.172580,1195614989.763186,1198076000.000000,10,0.557992
100,15842838497.578554,14556994986.000000,3912,11471804.000000,45611714.000000,7896483.000000,11471804.000000,26243427.000000,0.173124,1171125471.578555,1184145000.000000,11,0.536831
