"Conservation Feature","Feature Name","Target","Amount Held","Occurrence Target ","Occurrences Held","Separation Target ","Separation Achieved","Target Met","MPM"
20,,1528.000000,1528.000000,0,1528,0,0,yes,1.000000
19,,1540455000.000000,1540420000.000000,0,570,0,0,no,0.999977
18,,429297000.000000,597700000.000000,0,163,0,0,yes,1.000000
17,,1241586000.000000,1304630000.000000,0,593,0,0,yes,1.000000
16,,48534000.000000,48550000.000000,0,233,0,0,yes,1.000000
15,,1990737000.000000,1990570000.000000,0,579,0,0,no,0.999916
14,,2901000.000000,2010000.000000,0,2,0,0,no,0.692865
13,,3347238000.000000,2939980000.000000,0,1043,0,0,no,0.878330
12,,1080336000.000000,790800000.000000,0,929,0,0,no,0.731994
11,,2150724000.000000,2150350000.000000,0,910,0,0,no,0.999826
10,,2024391000.000000,2022520000.000000,0,512,0,0,no,0.999076
9,,1075698000.000000,988110000.000000,0,382,0,0,no,0.918576
8,,870981000.000000,484090000.000000,0,425,0,0,no,0.555799
7,,136449000.000000,104440000.000000,0,105,0,0,no,0.765414
6,,93306000.000000,93340000.000000,0,248,0,0,yes,1.000000
5,,120753000.000000,127620000.000000,0,483,0,0,yes,1.000000
4,,842415000.000000,840350000.000000,0,568,0,0,no,0.997549
3,,45678000.000000,51870000.000000,0,219,0,0,yes,1.000000
2,,145032000.000000,223020000.000000,0,739,0,0,yes,1.000000
1,,215232000.000000,215250000.000000,0,435,0,0,yes,1.000000
