"Conservation Feature","Feature Name","Target","Amount Held","Occurrence Target ","Occurrences Held","Separation Target ","Separation Achieved","Target Met","MPM"
20,,1528.000000,1528.000000,0,1528,0,0,yes,1.000000
19,,1540455000.000000,1540130000.000000,0,572,0,0,no,0.999789
18,,429297000.000000,534690000.000000,0,145,0,0,yes,1.000000
17,,1241586000.000000,1295030000.000000,0,595,0,0,yes,1.000000
16,,48534000.000000,48620000.000000,0,241,0,0,yes,1.000000
15,,1990737000.000000,1991010000.000000,0,582,0,0,yes,1.000000
14,,2901000.000000,2010000.000000,0,2,0,0,no,0.692865
13,,3347238000.000000,2963030000.000000,0,1044,0,0,no,0.885216
12,,1080336000.000000,794680000.000000,0,923,0,0,no,0.735586
11,,2150724000.000000,2150510000.000000,0,907,0,0,no,0.999900
10,,2024391000.000000,2022940000.000000,0,510,0,0,no,0.999283
9,,1075698000.000000,1062780000.000000,0,401,0,0,no,0.987991
8,,870981000.000000,482820000.000000,0,419,0,0,no,0.554340
7,,136449000.000000,92950000.000000,0,92,0,0,no,0.681207
6,,93306000.000000,93300000.000000,0,249,0,0,no,0.999936
5,,120753000.000000,130870000.000000,0,484,0,0,yes,1.000000
4,,842415000.000000,807430000.000000,0,541,0,0,no,0.958471
3,,45678000.000000,55970000.000000,0,230,0,0,yes,1.000000
2,,145032000.000000,232900000.000000,0,742,0,0,yes,1.000000
1,,215232000.000000,215270000.000000,0,442,0,0,yes,1.000000
