"planning_unit","number"
12221,100
12220,0
12219,100
12218,100
12217,100
12216,0
12215,0
12214,0
12213,0
12212,43
12211,0
12210,0
12209,0
12208,0
12207,0
12206,0
12205,0
12204,0
12203,100
12202,99
12201,73
12200,100
12199,0
12198,0
12197,100
12196,49
12195,1
12194,0
12193,0
12192,0
12191,0
12190,100
12189,0
12188,0
12187,0
12186,43
12185,63
12184,40
12183,38
12182,0
12181,94
12180,100
12179,100
12178,82
12177,100
12176,100
12175,100
12174,0
12173,100
12172,100
12171,100
12170,1
12169,100
12168,0
12167,0
12166,0
12165,0
12164,72
12163,35
12162,33
12161,96
12160,0
12159,0
12158,0
12157,0
12156,100
12155,100
12154,17
12153,99
12152,0
12151,0
12150,0
12149,0
12148,100
12147,0
12146,0
12145,0
12144,0
12143,0
12142,100
12141,0
12140,47
12139,36
12138,0
12137,34
12136,0
12135,0
12134,0
12133,100
12132,100
12131,100
12130,94
12129,100
12128,100
12127,97
12126,51
12125,100
12124,100
12123,0
12122,0
12121,97
12120,100
12119,100
12118,0
12117,31
12116,100
12115,49
12114,0
12113,0
12112,0
12111,0
12110,0
12109,0
12108,0
12107,52
12106,100
12105,100
12104,0
12103,100
12102,41
12101,93
12100,0
12099,0
12098,51
12097,0
12096,0
12095,0
12094,0
12093,0
12092,0
12091,0
12090,0
12089,0
12088,31
12087,0
12086,0
12085,98
12084,0
12083,0
12082,100
12081,100
12080,100
12079,100
12078,90
12077,100
12076,0
12075,100
12074,0
12073,100
12072,100
12071,0
12070,0
12069,100
12068,0
12067,0
12066,100
12065,4
12064,100
12063,0
12062,0
12061,1
12060,0
12059,0
12058,0
12057,0
12056,0
12055,0
12054,0
12053,100
12052,100
12051,100
12050,66
12049,100
12048,0
12047,0
12046,100
12045,0
12044,0
12043,100
12042,97
12041,0
12040,0
12039,90
12038,0
12037,0
12036,0
12035,0
12034,0
12033,0
12032,0
12031,100
12030,100
12029,100
12028,100
12027,100
12026,100
12025,98
12024,100
12023,0
12022,0
12021,0
12020,100
12019,0
12018,100
12017,100
12016,100
12015,100
12014,97
12013,99
12012,0
12011,0
12010,0
12009,0
12008,0
12007,0
12006,0
12005,0
12004,0
12003,0
12002,100
12001,100
12000,88
11999,100
11998,94
11997,100
11996,100
11995,100
11994,0
11993,0
11992,100
11991,100
11990,0
11989,100
11988,100
11987,0
11986,100
11985,0
11984,0
11983,4
11982,0
11981,0
11980,0
11979,0
11978,0
11977,0
11976,100
11975,100
11974,100
11973,100
11972,100
11971,100
11970,100
11969,73
11968,31
11967,0
11966,0
11965,0
11964,100
11963,100
11962,100
11961,100
11960,47
11959,100
11958,99
11957,94
11956,0
11955,0
11954,1
11953,0
11952,0
11951,0
11950,0
11949,0
11948,0
11947,100
11946,100
11945,100
11944,0
11943,100
11942,70
11941,100
11940,94
11939,0
11938,100
11937,100
11936,100
11935,0
11934,100
11933,0
11932,100
11931,34
11930,55
11929,0
11928,0
11927,0
11926,58
11925,0
11924,0
11923,0
11922,100
11921,100
11920,100
11919,100
11918,100
11917,0
11916,0
11915,87
11914,100
11913,100
11912,0
11911,100
11910,0
11909,100
11908,100
11907,0
11906,0
11905,100
11904,0
11903,0
11902,0
11901,3
11900,0
11899,0
11898,0
11897,0
11896,0
11895,100
11894,100
11893,100
11892,0
11891,100
11890,60
11889,80
11888,100
11887,99
11886,100
11885,100
11884,100
11883,100
11882,94
11881,96
11880,100
11879,100
11878,0
11877,47
11876,0
11875,8
11874,1
11873,1
11872,0
11871,0
11870,0
11869,0
11868,0
11867,100
11866,100
11865,100
11864,100
11863,100
11862,100
11861,100
11860,100
11859,100
11858,100
11857,84
11856,100
11855,100
11854,100
11853,100
11852,0
11851,0
11850,0
11849,100
11848,0
11847,0
11846,0
11845,0
11844,0
11843,0
11842,12
11841,0
11840,0
11839,0
11838,0
11837,0
11836,0
11835,0
11834,100
11833,95
11832,100
11831,100
11830,71
11829,100
11828,0
11827,100
11826,100
11825,55
11824,100
11823,100
11822,0
11821,0
11820,0
11819,100
11818,0
11817,100
11816,100
11815,0
11814,0
11813,0
11812,0
11811,0
11810,0
11809,0
11808,0
11807,44
11806,33
11805,0
11804,100
11803,100
11802,0
11801,100
11800,100
11799,100
11798,96
11797,100
11796,100
11795,0
11794,0
11793,0
11792,0
11791,100
11790,0
11789,100
11788,0
11787,0
11786,0
11785,0
11784,6
11783,0
11782,0
11781,0
11780,98
11779,0
11778,0
11777,0
11776,100
11775,100
11774,100
11773,0
11772,100
11771,100
11770,45
11769,100
11768,100
11767,100
11766,0
11765,100
11764,100
11763,0
11762,94
11761,0
11760,0
11759,0
11758,0
11757,3
11756,0
11755,0
11754,0
11753,97
11752,100
11751,0
11750,0
11749,100
11748,100
11747,100
11746,0
11745,0
11744,100
11743,0
11742,55
11741,100
11740,0
11739,99
11738,0
11737,100
11736,0
11735,0
11734,11
11733,42
11732,68
11731,0
11730,0
11729,0
11728,0
11727,97
11726,0
11725,0
11724,0
11723,100
11722,98
11721,100
11720,100
11719,96
11718,100
11717,100
11716,0
11715,0
11714,100
11713,100
11712,0
11711,100
11710,100
11709,0
11708,0
11707,0
11706,0
11705,0
11704,7
11703,16
11702,9
11701,0
11700,0
11699,0
11698,100
11697,100
11696,0
11695,0
11694,100
11693,100
11692,0
11691,100
11690,100
11689,86
11688,100
11687,0
11686,100
11685,0
11684,0
11683,100
11682,0
11681,99
11680,100
11679,0
11678,0
11677,0
11676,0
11675,7
11674,43
11673,100
11672,0
11671,0
11670,0
11669,0
11668,96
11667,0
11666,0
11665,0
11664,100
11663,100
11662,0
11661,100
11660,100
11659,98
11658,0
11657,0
11656,0
11655,0
11654,0
11653,0
11652,96
11651,100
11650,100
11649,0
11648,0
11647,0
11646,0
11645,13
11644,63
11643,19
11642,0
11641,0
11640,0
11639,97
11638,100
11637,0
11636,0
11635,100
11634,100
11633,100
11632,100
11631,100
11630,100
11629,0
11628,0
11627,0
11626,0
11625,0
11624,0
11623,80
11622,100
11621,0
11620,0
11619,100
11618,100
11617,9
11616,4
11615,42
11614,100
11613,0
11612,0
11611,0
11610,0
11609,100
11608,0
11607,0
11606,0
11605,100
11604,100
11603,100
11602,0
11601,100
11600,0
11599,0
11598,0
11597,0
11596,0
11595,0
11594,100
11593,37
11592,0
11591,0
11590,100
11589,0
11588,9
11587,85
11586,53
11585,3
11584,0
11583,0
11582,38
11581,98
11580,97
11579,0
11578,0
11577,100
11576,100
11575,100
11574,100
11573,100
11572,0
11571,100
11570,100
11569,0
11568,0
11567,0
11566,0
11565,100
11564,100
11563,0
11562,0
11561,0
11560,13
11559,7
11558,100
11557,100
11556,43
11555,0
11554,100
11553,97
11552,98
11551,97
11550,95
11549,100
11548,100
11547,98
11546,100
11545,100
11544,0
11543,100
11542,0
11541,0
11540,100
11539,0
11538,0
11537,100
11536,0
11535,0
11534,0
11533,100
11532,0
11531,13
11530,14
11529,12
11528,100
11527,27
11526,0
11525,0
11524,99
11523,100
11522,97
11521,99
11520,100
11519,100
11518,100
11517,0
11516,100
11515,100
11514,0
11513,0
11512,100
11511,100
11510,0
11509,0
11508,0
11507,96
11506,100
11505,100
11504,0
11503,0
11502,100
11501,0
11500,3
11499,13
11498,100
11497,100
11496,94
11495,0
11494,98
11493,100
11492,98
11491,100
11490,100
11489,100
11488,100
11487,100
11486,0
11485,100
11484,100
11483,39
11482,0
11481,100
11480,100
11479,0
11478,0
11477,100
11476,0
11475,100
11474,0
11473,100
11472,59
11471,0
11470,100
11469,0
11468,12
11467,1
11466,19
11465,100
11464,34
11463,0
11462,0
11461,98
11460,98
11459,99
11458,99
11457,100
11456,100
11455,100
11454,100
11453,0
11452,100
11451,100
11450,100
11449,14
11448,0
11447,100
11446,100
11445,0
11444,0
11443,100
11442,36
11441,100
11440,0
11439,0
11438,0
11437,0
11436,56
11435,53
11434,100
11433,100
11432,100
11431,100
11430,98
11429,99
11428,97
11427,100
11426,100
11425,100
11424,100
11423,100
11422,100
11421,100
11420,1
11419,0
11418,100
11417,0
11416,0
11415,0
11414,100
11413,0
11412,0
11411,0
11410,0
11409,100
11408,96
11407,36
11406,37
11405,100
11404,100
11403,100
11402,100
11401,97
11400,97
11399,99
11398,99
11397,0
11396,50
11395,100
11394,100
11393,0
11392,100
11391,100
11390,72
11389,100
11388,0
11387,100
11386,0
11385,100
11384,0
11383,0
11382,0
11381,0
11380,76
11379,75
11378,90
11377,100
11376,100
11375,100
11374,100
11373,100
11372,99
11371,93
11370,94
11369,32
11368,0
11367,0
11366,100
11365,100
11364,0
11363,97
11362,0
11361,100
11360,0
11359,0
11358,100
11357,0
11356,0
11355,0
11354,0
11353,100
11352,93
11351,91
11350,87
11349,100
11348,100
11347,100
11346,100
11345,100
11344,96
11343,100
11342,100
11341,37
11340,0
11339,100
11338,100
11337,0
11336,100
11335,100
11334,100
11333,100
11332,100
11331,0
11330,100
11329,0
11328,100
11327,100
11326,0
11325,0
11324,0
11323,0
11322,100
11321,100
11320,76
11319,94
11318,95
11317,99
11316,100
11315,100
11314,100
11313,97
11312,98
11311,100
11310,100
11309,0
11308,0
11307,0
11306,100
11305,100
11304,0
11303,100
11302,0
11301,100
11300,100
11299,100
11298,0
11297,0
11296,100
11295,0
11294,0
11293,49
11292,0
11291,100
11290,100
11289,87
11288,0
11287,98
11286,64
11285,0
11284,0
11283,1
11282,75
11281,39
11280,0
11279,0
11278,99
11277,0
11276,0
11275,0
11274,100
11273,0
11272,100
11271,100
11270,100
11269,0
11268,100
11267,0
11266,0
11265,100
11264,57
11263,47
11262,0
11261,0
11260,98
11259,100
11258,76
11257,0
11256,0
11255,61
11254,59
11253,0
11252,100
11251,74
11250,76
11249,45
11248,0
11247,0
11246,0
11245,0
11244,0
11243,0
11242,0
11241,100
11240,100
11239,100
11238,100
11237,100
11236,100
11235,0
11234,0
11233,0
11232,100
11231,0
11230,0
11229,0
11228,100
11227,100
11226,0
11225,78
11224,0
11223,57
11222,0
11221,0
11220,64
11219,83
11218,69
11217,0
11216,0
11215,0
11214,96
11213,0
11212,0
11211,0
11210,100
11209,0
11208,0
11207,100
11206,100
11205,100
11204,0
11203,0
11202,100
11201,0
11200,0
11199,0
11198,100
11197,0
11196,0
11195,42
11194,0
11193,0
11192,78
11191,0
11190,0
11189,63
11188,0
11187,0
11186,100
11185,0
11184,0
11183,0
11182,0
11181,0
11180,0
11179,0
11178,0
11177,0
11176,100
11175,100
11174,100
11173,100
11172,100
11171,100
11170,100
11169,100
11168,0
11167,0
11166,0
11165,0
11164,100
11163,37
11162,0
11161,0
11160,55
11159,59
11158,0
11157,93
11156,99
11155,58
11154,0
11153,0
11152,0
11151,66
11150,74
11149,0
11148,0
11147,0
11146,0
11145,98
11144,0
11143,0
11142,0
11141,100
11140,100
11139,100
11138,100
11137,100
11136,100
11135,100
11134,0
11133,0
11132,0
11131,0
11130,0
11129,0
11128,100
11127,0
11126,0
11125,31
11124,59
11123,100
11122,0
11121,100
11120,0
11119,67
11118,0
11117,0
11116,6
11115,100
11114,69
11113,70
11112,0
11111,0
11110,0
11109,0
11108,0
11107,0
11106,0
11105,100
11104,0
11103,100
11102,100
11101,100
11100,0
11099,0
11098,0
11097,100
11096,0
11095,100
11094,44
11093,0
11092,0
11091,54
11090,100
11089,0
11088,0
11087,0
11086,0
11085,0
11084,0
11083,78
11082,64
11081,79
11080,76
11079,0
11078,0
11077,0
11076,99
11075,0
11074,0
11073,0
11072,100
11071,100
11070,100
11069,100
11068,100
11067,100
11066,100
11065,0
11064,100
11063,0
11062,0
11061,100
11060,100
11059,45
11058,100
11057,100
11056,0
11055,54
11054,0
11053,0
11052,100
11051,0
11050,55
11049,72
11048,64
11047,0
11046,0
11045,81
11044,100
11043,84
11042,57
11041,0
11040,0
11039,0
11038,0
11037,0
11036,0
11035,0
11034,0
11033,100
11032,100
11031,0
11030,100
11029,66
11028,100
11027,100
11026,100
11025,0
11024,0
11023,0
11022,100
11021,100
11020,100
11019,100
11018,38
11017,0
11016,0
11015,0
11014,0
11013,0
11012,0
11011,0
11010,61
11009,58
11008,0
11007,0
11006,40
11005,47
11004,46
11003,0
11002,0
11001,0
11000,100
10999,0
10998,0
10997,0
10996,100
10995,100
10994,100
10993,0
10992,100
10991,100
10990,99
10989,58
10988,100
10987,100
10986,100
10985,0
10984,0
10983,100
10982,0
10981,0
10980,45
10979,98
10978,100
10977,100
10976,0
10975,0
10974,0
10973,0
10972,0
10971,0
10970,30
10969,32
10968,0
10967,0
10966,47
10965,57
10964,48
10963,52
10962,0
10961,97
10960,97
10959,100
10958,100
10957,0
10956,0
10955,0
10954,0
10953,100
10952,100
10951,100
10950,100
10949,0
10948,100
10947,100
10946,100
10945,0
10944,0
10943,0
10942,100
10941,0
10940,0
10939,100
10938,100
10937,45
10936,30
10935,0
10934,0
10933,0
10932,0
10931,36
10930,0
10929,0
10928,45
10927,51
10926,44
10925,52
10924,48
10923,0
10922,99
10921,100
10920,100
10919,100
10918,0
10917,0
10916,100
10915,100
10914,100
10913,100
10912,100
10911,100
10910,94
10909,100
10908,0
10907,52
10906,100
10905,100
10904,0
10903,100
10902,0
10901,0
10900,0
10899,100
10898,54
10897,0
10896,32
10895,0
10894,0
10893,0
10892,0
10891,0
10890,32
10889,32
10888,0
10887,61
10886,40
10885,54
10884,0
10883,0
10882,97
10881,100
10880,100
10879,100
10878,0
10877,0
10876,0
10875,0
10874,100
10873,0
10872,100
10871,2
10870,34
10869,0
10868,100
10867,0
10866,100
10865,0
10864,100
10863,100
10862,0
10861,100
10860,0
10859,91
10858,0
10857,32
10856,0
10855,0
10854,0
10853,0
10852,39
10851,36
10850,0
10849,49
10848,52
10847,35
10846,43
10845,0
10844,0
10843,98
10842,100
10841,100
10840,100
10839,0
10838,0
10837,0
10836,100
10835,0
10834,100
10833,0
10832,57
10831,100
10830,95
10829,100
10828,100
10827,100
10826,0
10825,0
10824,0
10823,0
10822,0
10821,0
10820,31
10819,0
10818,0
10817,0
10816,0
10815,0
10814,39
10813,65
10812,67
10811,64
10810,58
10809,40
10808,52
10807,97
10806,96
10805,96
10804,100
10803,100
10802,100
10801,100
10800,100
10799,0
10798,100
10797,0
10796,0
10795,100
10794,0
10793,100
10792,0
10791,0
10790,100
10789,100
10788,0
10787,0
10786,0
10785,0
10784,100
10783,0
10782,0
10781,0
10780,0
10779,46
10778,0
10777,43
10776,51
10775,55
10774,62
10773,39
10772,32
10771,0
10770,95
10769,96
10768,100
10767,100
10766,100
10765,100
10764,100
10763,100
10762,0
10761,0
10760,0
10759,0
10758,100
10757,0
10756,0
10755,100
10754,100
10753,0
10752,0
10751,0
10750,0
10749,100
10748,0
10747,0
10746,0
10745,30
10744,32
10743,0
10742,0
10741,0
10740,28
10739,0
10738,51
10737,55
10736,71
10735,60
10734,55
10733,53
10732,99
10731,97
10730,99
10729,100
10728,100
10727,0
10726,0
10725,0
10724,0
10723,0
10722,0
10721,0
10720,100
10719,100
10718,99
10717,100
10716,0
10715,0
10714,0
10713,100
10712,0
10711,0
10710,48
10709,0
10708,37
10707,0
10706,0
10705,0
10704,29
10703,27
10702,0
10701,68
10700,58
10699,78
10698,52
10697,54
10696,0
10695,97
10694,99
10693,100
10692,100
10691,100
10690,0
10689,0
10688,100
10687,0
10686,0
10685,0
10684,0
10683,0
10682,59
10681,90
10680,100
10679,0
10678,0
10677,100
10676,0
10675,0
10674,0
10673,60
10672,47
10671,0
10670,0
10669,0
10668,0
10667,0
10666,0
10665,0
10664,58
10663,66
10662,59
10661,40
10660,58
10659,97
10658,99
10657,100
10656,100
10655,100
10654,0
10653,0
10652,0
10651,0
10650,0
10649,0
10648,100
10647,0
10646,0
10645,0
10644,100
10643,100
10642,99
10641,100
10640,98
10639,100
10638,100
10637,100
10636,0
10635,100
10634,0
10633,0
10632,0
10631,0
10630,100
10629,65
10628,0
10627,35
10626,0
10625,0
10624,29
10623,0
10622,43
10621,64
10620,61
10619,49
10618,45
10617,0
10616,97
10615,95
10614,100
10613,100
10612,100
10611,0
10610,0
10609,100
10608,0
10607,0
10606,100
10605,0
10604,100
10603,0
10602,0
10601,97
10600,0
10599,98
10598,0
10597,0
10596,100
10595,100
10594,100
10593,0
10592,0
10591,62
10590,0
10589,0
10588,0
10587,0
10586,0
10585,0
10584,0
10583,0
10582,38
10581,73
10580,47
10579,50
10578,0
10577,98
10576,100
10575,100
10574,0
10573,0
10572,0
10571,0
10570,0
10569,0
10568,0
10567,100
10566,0
10565,100
10564,0
10563,0
10562,100
10561,36
10560,100
10559,0
10558,0
10557,0
10556,100
10555,0
10554,100
10553,0
10552,0
10551,0
10550,0
10549,0
10548,43
10547,0
10546,0
10545,0
10544,0
10543,34
10542,43
10541,52
10540,59
10539,54
10538,42
10537,42
10536,0
10535,99
10534,100
10533,0
10532,0
10531,0
10530,0
10529,0
10528,0
10527,0
10526,0
10525,0
10524,0
10523,0
10522,100
10521,1
10520,0
10519,100
10518,100
10517,92
10516,100
10515,0
10514,0
10513,100
10512,0
10511,100
10510,0
10509,0
10508,0
10507,0
10506,0
10505,100
10504,0
10503,0
10502,0
10501,0
10500,0
10499,0
10498,0
10497,100
10496,100
10495,100
10494,100
10493,98
10492,94
10491,100
10490,100
10489,0
10488,0
10487,0
10486,0
10485,0
10484,0
10483,100
10482,100
10481,0
10480,0
10479,0
10478,1
10477,0
10476,100
10475,0
10474,0
10473,100
10472,0
10471,0
10470,100
10469,0
10468,0
10467,0
10466,0
10465,0
10464,25
10463,0
10462,100
10461,0
10460,0
10459,0
10458,0
10457,32
10456,41
10455,60
10454,100
10453,100
10452,100
10451,100
10450,98
10449,97
10448,99
10447,100
10446,0
10445,0
10444,0
10443,0
10442,0
10441,0
10440,0
10439,100
10438,0
10437,0
10436,1
10435,100
10434,100
10433,0
10432,0
10431,100
10430,0
10429,100
10428,0
10427,0
10426,28
10425,0
10424,100
10423,30
10422,0
10421,0
10420,0
10419,0
10418,0
10417,64
10416,100
10415,100
10414,100
10413,100
10412,100
10411,100
10410,100
10409,100
10408,0
10407,0
10406,0
10405,0
10404,0
10403,0
10402,100
10401,0
10400,100
10399,0
10398,0
10397,0
10396,100
10395,0
10394,100
10393,95
10392,0
10391,100
10390,100
10389,100
10388,46
10387,0
10386,34
10385,31
10384,17
10383,0
10382,100
10381,0
10380,0
10379,0
10378,0
10377,0
10376,43
10375,100
10374,100
10373,100
10372,100
10371,100
10370,100
10369,100
10368,100
10367,100
10366,0
10365,0
10364,0
10363,0
10362,0
10361,0
10360,0
10359,100
10358,0
10357,100
10356,100
10355,0
10354,0
10353,100
10352,100
10351,0
10350,100
10349,100
10348,100
10347,0
10346,100
10345,0
10344,0
10343,0
10342,0
10341,0
10340,19
10339,0
10338,100
10337,100
10336,100
10335,0
10334,29
10333,0
10332,0
10331,43
10330,52
10329,100
10328,100
10327,100
10326,100
10325,100
10324,100
10323,100
10322,100
10321,100
10320,0
10319,0
10318,0
10317,0
10316,0
10315,0
10314,100
10313,0
10312,0
10311,0
10310,0
10309,0
10308,100
10307,0
10306,0
10305,100
10304,0
10303,0
10302,0
10301,0
10300,100
10299,0
10298,49
10297,0
10296,0
10295,39
10294,29
10293,0
10292,0
10291,0
10290,0
10289,31
10288,0
10287,0
10286,23
10285,49
10284,71
10283,58
10282,100
10281,100
10280,100
10279,50
10278,0
10277,0
10276,0
10275,0
10274,0
10273,0
10272,0
10271,0
10270,0
10269,0
10268,100
10267,0
10266,100
10265,0
10264,0
10263,100
10262,0
10261,0
10260,100
10259,100
10258,0
10257,0
10256,0
10255,0
10254,0
10253,0
10252,0
10251,0
10250,25
10249,29
10248,37
10247,59
10246,47
10245,0
10244,0
10243,0
10242,0
10241,0
10240,0
10239,46
10238,58
10237,55
10236,100
10235,100
10234,100
10233,0
10232,0
10231,0
10230,100
10229,0
10228,0
10227,0
10226,0
10225,0
10224,0
10223,0
10222,100
10221,100
10220,100
10219,0
10218,100
10217,100
10216,0
10215,100
10214,100
10213,0
10212,0
10211,0
10210,0
10209,0
10208,0
10207,0
10206,0
10205,0
10204,39
10203,32
10202,30
10201,43
10200,0
10199,0
10198,51
10197,43
10196,0
10195,0
10194,0
10193,44
10192,63
10191,65
10190,63
10189,100
10188,100
10187,0
10186,0
10185,0
10184,0
10183,100
10182,100
10181,100
10180,100
10179,99
10178,96
10177,91
10176,100
10175,0
10174,100
10173,100
10172,100
10171,1
10170,100
10169,100
10168,100
10167,100
10166,0
10165,0
10164,0
10163,0
10162,0
10161,100
10160,0
10159,0
10158,0
10157,0
10156,0
10155,42
10154,29
10153,40
10152,51
10151,62
10150,0
10149,0
10148,0
10147,0
10146,0
10145,0
10144,56
10143,67
10142,59
10141,100
10140,100
10139,100
10138,0
10137,0
10136,0
10135,0
10134,100
10133,100
10132,100
10131,100
10130,98
10129,98
10128,0
10127,100
10126,0
10125,100
10124,100
10123,0
10122,0
10121,0
10120,100
10119,93
10118,0
10117,0
10116,0
10115,0
10114,0
10113,0
10112,0
10111,0
10110,0
10109,41
10108,37
10107,28
10106,43
10105,49
10104,0
10103,39
10102,0
10101,0
10100,0
10099,0
10098,0
10097,66
10096,57
10095,56
10094,100
10093,100
10092,0
10091,0
10090,0
10089,0
10088,0
10087,100
10086,0
10085,0
10084,0
10083,96
10082,96
10081,100
10080,100
10079,0
10078,0
10077,0
10076,0
10075,0
10074,0
10073,0
10072,0
10071,0
10070,0
10069,0
10068,0
10067,0
10066,0
10065,0
10064,37
10063,39
10062,39
10061,48
10060,57
10059,79
10058,0
10057,0
10056,0
10055,0
10054,42
10053,53
10052,0
10051,0
10050,100
10049,100
10048,100
10047,0
10046,0
10045,0
10044,0
10043,0
10042,0
10041,0
10040,0
10039,0
10038,100
10037,100
10036,100
10035,100
10034,0
10033,100
10032,100
10031,100
10030,0
10029,0
10028,37
10027,0
10026,0
10025,0
10024,0
10023,0
10022,0
10021,0
10020,51
10019,50
10018,26
10017,41
10016,55
10015,58
10014,0
10013,0
10012,0
10011,0
10010,100
10009,100
10008,0
10007,60
10006,53
10005,100
10004,100
10003,0
10002,0
10001,0
10000,0
9999,0
9998,100
9997,0
9996,0
9995,0
9994,100
9993,95
9992,0
9991,0
9990,0
9989,100
9988,0
9987,100
9986,0
9985,0
9984,100
9983,99
9982,0
9981,0
9980,0
9979,0
9978,0
9977,0
9976,0
9975,0
9974,0
9973,0
9972,0
9971,0
9970,0
9969,0
9968,0
9967,0
9966,0
9965,100
9964,0
9963,0
9962,0
9961,100
9960,100
9959,100
9958,0
9957,0
9956,0
9955,0
9954,0
9953,0
9952,0
9951,0
9950,0
9949,99
9948,100
9947,2
9946,0
9945,0
9944,100
9943,100
9942,100
9941,100
9940,100
9939,100
9938,46
9937,100
9936,0
9935,0
9934,100
9933,100
9932,39
9931,40
9930,0
9929,0
9928,0
9927,0
9926,0
9925,0
9924,0
9923,0
9922,0
9921,100
9920,100
9919,65
9918,0
9917,0
9916,100
9915,100
9914,0
9913,0
9912,0
9911,0
9910,0
9909,0
9908,0
9907,0
9906,0
9905,97
9904,94
9903,0
9902,100
9901,100
9900,4
9899,100
9898,100
9897,100
9896,100
9895,100
9894,100
9893,100
9892,100
9891,0
9890,0
9889,0
9888,0
9887,33
9886,0
9885,0
9884,0
9883,50
9882,0
9881,0
9880,0
9879,0
9878,0
9877,0
9876,100
9875,0
9874,0
9873,0
9872,100
9871,100
9870,100
9869,0
9868,0
9867,0
9866,0
9865,0
9864,0
9863,0
9862,0
9861,0
9860,97
9859,100
9858,100
9857,100
9856,1
9855,100
9854,0
9853,100
9852,100
9851,100
9850,100
9849,31
9848,30
9847,0
9846,100
9845,0
9844,0
9843,0
9842,33
9841,53
9840,47
9839,0
9838,0
9837,0
9836,0
9835,0
9834,100
9833,100
9832,100
9831,100
9830,100
9829,100
9828,100
9827,100
9826,0
9825,0
9824,0
9823,0
9822,0
9821,0
9820,0
9819,0
9818,98
9817,99
9816,0
9815,100
9814,1
9813,0
9812,0
9811,0
9810,97
9809,20
9808,30
9807,31
9806,30
9805,100
9804,100
9803,0
9802,0
9801,0
9800,0
9799,37
9798,0
9797,0
9796,0
9795,0
9794,0
9793,0
9792,100
9791,100
9790,100
9789,100
9788,100
9787,100
9786,100
9785,100
9784,17
9783,0
9782,0
9781,0
9780,0
9779,0
9778,0
9777,0
9776,0
9775,100
9774,0
9773,0
9772,100
9771,100
9770,0
9769,93
9768,100
9767,35
9766,36
9765,35
9764,40
9763,100
9762,100
9761,0
9760,0
9759,28
9758,0
9757,41
9756,0
9755,0
9754,0
9753,0
9752,0
9751,100
9750,100
9749,100
9748,100
9747,100
9746,100
9745,100
9744,100
9743,0
9742,0
9741,0
9740,0
9739,0
9738,0
9737,0
9736,0
9735,0
9734,92
9733,100
9732,100
9731,0
9730,0
9729,100
9728,100
9727,89
9726,100
9725,47
9724,27
9723,100
9722,0
9721,100
9720,100
9719,0
9718,0
9717,26
9716,0
9715,0
9714,0
9713,0
9712,0
9711,100
9710,0
9709,100
9708,100
9707,100
9706,100
9705,100
9704,100
9703,100
9702,100
9701,100
9700,0
9699,0
9698,0
9697,0
9696,0
9695,0
9694,0
9693,0
9692,0
9691,0
9690,0
9689,100
9688,0
9687,100
9686,100
9685,0
9684,76
9683,100
9682,100
9681,39
9680,100
9679,100
9678,0
9677,59
9676,0
9675,30
9674,25
9673,0
9672,0
9671,0
9670,0
9669,0
9668,0
9667,100
9666,100
9665,100
9664,100
9663,100
9662,100
9661,100
9660,100
9659,0
9658,0
9657,0
9656,0
9655,0
9654,0
9653,0
9652,0
9651,0
9650,92
9649,0
9648,0
9647,0
9646,0
9645,100
9644,0
9643,0
9642,100
9641,100
9640,36
9639,45
9638,34
9637,100
9636,100
9635,0
9634,0
9633,51
9632,0
9631,0
9630,0
9629,0
9628,0
9627,0
9626,0
9625,0
9624,0
9623,100
9622,100
9621,100
9620,100
9619,100
9618,100
9617,100
9616,100
9615,0
9614,0
9613,0
9612,0
9611,0
9610,0
9609,0
9608,0
9607,0
9606,0
9605,0
9604,0
9603,0
9602,100
9601,0
9600,69
9599,98
9598,27
9597,27
9596,43
9595,100
9594,0
9593,0
9592,62
9591,66
9590,0
9589,0
9588,0
9587,0
9586,0
9585,0
9584,0
9583,0
9582,100
9581,100
9580,100
9579,100
9578,100
9577,100
9576,100
9575,100
9574,0
9573,0
9572,0
9571,0
9570,0
9569,0
9568,0
9567,0
9566,0
9565,90
9564,0
9563,100
9562,100
9561,100
9560,100
9559,70
9558,100
9557,100
9556,42
9555,45
9554,100
9553,0
9552,0
9551,0
9550,65
9549,0
9548,0
9547,0
9546,0
9545,0
9544,0
9543,0
9542,0
9541,0
9540,100
9539,100
9538,100
9537,100
9536,100
9535,100
9534,100
9533,100
9532,0
9531,0
9530,0
9529,0
9528,0
9527,0
9526,0
9525,0
9524,0
9523,0
9522,100
9521,0
9520,100
9519,100
9518,100
9517,100
9516,100
9515,100
9514,0
9513,100
9512,0
9511,0
9510,0
9509,0
9508,28
9507,0
9506,0
9505,0
9504,0
9503,0
9502,0
9501,0
9500,0
9499,0
9498,100
9497,100
9496,100
9495,100
9494,100
9493,100
9492,100
9491,0
9490,0
9489,0
9488,0
9487,100
9486,0
9485,0
9484,0
9483,0
9482,95
9481,100
9480,100
9479,100
9478,0
9477,0
9476,100
9475,41
9474,100
9473,0
9472,0
9471,43
9470,0
9469,0
9468,4
9467,26
9466,0
9465,0
9464,0
9463,0
9462,0
9461,0
9460,0
9459,0
9458,0
9457,100
9456,100
9455,0
9454,0
9453,0
9452,100
9451,100
9450,0
9449,0
9448,0
9447,0
9446,0
9445,0
9444,0
9443,0
9442,0
9441,0
9440,0
9439,0
9438,0
9437,100
9436,100
9435,100
9434,38
9433,0
9432,0
9431,59
9430,0
9429,0
9428,22
9427,0
9426,0
9425,0
9424,0
9423,0
9422,0
9421,0
9420,0
9419,0
9418,100
9417,0
9416,0
9415,0
9414,100
9413,0
9412,0
9411,0
9410,0
9409,0
9408,0
9407,0
9406,0
9405,0
9404,93
9403,0
9402,100
9401,0
9400,0
9399,100
9398,100
9397,100
9396,0
9395,100
9394,54
9393,0
9392,0
9391,3
9390,80
9389,0
9388,0
9387,0
9386,0
9385,0
9384,0
9383,0
9382,0
9381,0
9380,100
9379,0
9378,0
9377,0
9376,0
9375,31
9374,100
9373,100
9372,0
9371,0
9370,0
9369,0
9368,0
9367,0
9366,0
9365,0
9364,0
9363,100
9362,100
9361,100
9360,0
9359,100
9358,90
9357,0
9356,100
9355,100
9354,0
9353,0
9352,100
9351,100
9350,0
9349,0
9348,0
9347,0
9346,0
9345,0
9344,0
9343,0
9342,0
9341,0
9340,0
9339,100
9338,0
9337,0
9336,99
9335,100
9334,0
9333,0
9332,0
9331,0
9330,100
9329,0
9328,0
9327,0
9326,0
9325,0
9324,0
9323,0
9322,0
9321,0
9320,91
9319,0
9318,100
9317,100
9316,100
9315,0
9314,100
9313,0
9312,100
9311,100
9310,100
9309,0
9308,0
9307,0
9306,99
9305,100
9304,0
9303,98
9302,0
9301,0
9300,0
9299,1
9298,0
9297,0
9296,0
9295,0
9294,0
9293,0
9292,0
9291,100
9290,0
9289,0
9288,0
9287,0
9286,0
9285,0
9284,0
9283,0
9282,0
9281,100
9280,0
9279,0
9278,0
9277,0
9276,0
9275,0
9274,0
9273,0
9272,0
9271,0
9270,100
9269,0
9268,0
9267,0
9266,0
9265,0
9264,0
9263,0
9262,0
9261,42
9260,68
9259,0
9258,0
9257,0
9256,0
9255,0
9254,0
9253,0
9252,0
9251,0
9250,0
9249,0
9248,0
9247,0
9246,0
9245,100
9244,0
9243,0
9242,0
9241,0
9240,0
9239,0
9238,0
9237,0
9236,100
9235,0
9234,0
9233,0
9232,0
9231,0
9230,0
9229,0
9228,98
9227,93
9226,0
9225,46
9224,0
9223,0
9222,91
9221,0
9220,0
9219,0
9218,48
9217,56
9216,59
9215,0
9214,0
9213,0
9212,0
9211,0
9210,4
9209,0
9208,0
9207,0
9206,0
9205,0
9204,0
9203,0
9202,0
9201,0
9200,0
9199,0
9198,0
9197,0
9196,0
9195,0
9194,0
9193,0
9192,100
9191,100
9190,0
9189,0
9188,0
9187,0
9186,0
9185,0
9184,0
9183,97
9182,100
9181,100
9180,0
9179,100
9178,0
9177,0
9176,0
9175,0
9174,88
9173,100
9172,0
9171,0
9170,0
9169,0
9168,0
9167,0
9166,2
9165,30
9164,0
9163,0
9162,0
9161,0
9160,100
9159,0
9158,0
9157,0
9156,31
9155,0
9154,0
9153,0
9152,0
9151,0
9150,0
9149,0
9148,24
9147,100
9146,0
9145,0
9144,0
9143,0
9142,0
9141,0
9140,0
9139,98
9138,95
9137,0
9136,100
9135,0
9134,44
9133,0
9132,56
9131,0
9130,0
9129,0
9128,0
9127,0
9126,0
9125,30
9124,1
9123,0
9122,0
9121,0
9120,0
9119,0
9118,0
9117,0
9116,0
9115,38
9114,0
9113,0
9112,0
9111,0
9110,0
9109,0
9108,0
9107,100
9106,100
9105,0
9104,0
9103,0
9102,0
9101,0
9100,0
9099,0
9098,97
9097,0
9096,45
9095,48
9094,0
9093,0
9092,98
9091,0
9090,0
9089,98
9088,0
9087,0
9086,0
9085,0
9084,1
9083,24
9082,0
9081,0
9080,0
9079,100
9078,0
9077,0
9076,29
9075,0
9074,0
9073,0
9072,100
9071,0
9070,0
9069,0
9068,0
9067,0
9066,0
9065,0
9064,100
9063,0
9062,0
9061,34
9060,0
9059,0
9058,100
9057,100
9056,93
9055,0
9054,100
9053,0
9052,0
9051,100
9050,98
9049,0
9048,35
9047,0
9046,0
9045,0
9044,0
9043,12
9042,0
9041,0
9040,0
9039,100
9038,97
9037,100
9036,100
9035,0
9034,0
9033,0
9032,100
9031,0
9030,0
9029,0
9028,0
9027,0
9026,0
9025,0
9024,0
9023,0
9022,0
9021,0
9020,0
9019,0
9018,0
9017,98
9016,97
9015,0
9014,0
9013,0
9012,0
9011,0
9010,100
9009,0
9008,0
9007,0
9006,0
9005,29
9004,0
9003,0
9002,0
9001,100
9000,0
8999,0
8998,0
8997,0
8996,30
8995,0
8994,0
8993,0
8992,0
8991,0
8990,0
8989,0
8988,0
8987,0
8986,0
8985,0
8984,0
8983,25
8982,0
8981,0
8980,96
8979,97
8978,94
8977,0
8976,0
8975,0
8974,0
8973,0
8972,0
8971,0
8970,0
8969,3
8968,2
8967,0
8966,0
8965,100
8964,100
8963,0
8962,0
8961,0
8960,0
8959,29
8958,48
8957,0
8956,0
8955,0
8954,0
8953,0
8952,0
8951,0
8950,99
8949,0
8948,0
8947,0
8946,0
8945,0
8944,0
8943,98
8942,97
8941,0
8940,0
8939,1
8938,100
8937,100
8936,100
8935,0
8934,0
8933,0
8932,0
8931,0
8930,0
8929,0
8928,0
8927,100
8926,0
8925,0
8924,0
8923,0
8922,29
8921,29
8920,40
8919,40
8918,26
8917,0
8916,0
8915,0
8914,0
8913,0
8912,0
8911,0
8910,14
8909,0
8908,0
8907,0
8906,97
8905,98
8904,94
8903,0
8902,100
8901,0
8900,100
8899,0
8898,0
8897,0
8896,0
8895,0
8894,10
8893,0
8892,0
8891,100
8890,100
8889,0
8888,0
8887,0
8886,67
8885,0
8884,37
8883,38
8882,0
8881,20
8880,0
8879,0
8878,0
8877,0
8876,0
8875,0
8874,16
8873,0
8872,0
8871,0
8870,0
8869,97
8868,99
8867,0
8866,0
8865,100
8864,100
8863,0
8862,0
8861,0
8860,1
8859,0
8858,0
8857,1
8856,0
8855,100
8854,0
8853,0
8852,0
8851,0
8850,17
8849,48
8848,42
8847,36
8846,19
8845,15
8844,0
8843,0
8842,0
8841,0
8840,0
8839,0
8838,21
8837,0
8836,0
8835,0
8834,0
8833,99
8832,91
8831,0
8830,100
8829,0
8828,98
8827,100
8826,0
8825,0
8824,0
8823,0
8822,2
8821,0
8820,0
8819,0
8818,100
8817,100
8816,0
8815,0
8814,24
8813,53
8812,32
8811,46
8810,44
8809,76
8808,0
8807,0
8806,0
8805,0
8804,0
8803,0
8802,0
8801,12
8800,16
8799,0
8798,0
8797,0
8796,0
8795,95
8794,0
8793,100
8792,100
8791,72
8790,0
8789,98
8788,95
8787,0
8786,0
8785,0
8784,98
8783,0
8782,0
8781,0
8780,0
8779,100
8778,0
8777,21
8776,26
8775,32
8774,31
8773,25
8772,45
8771,0
8770,0
8769,0
8768,0
8767,0
8766,0
8765,0
8764,0
8763,0
8762,15
8761,18
8760,0
8759,0
8758,0
8757,97
8756,96
8755,0
8754,100
8753,36
8752,0
8751,0
8750,100
8749,50
8748,0
8747,0
8746,0
8745,0
8744,0
8743,0
8742,24
8741,0
8740,0
8739,47
8738,100
8737,23
8736,20
8735,26
8734,29
8733,24
8732,0
8731,0
8730,0
8729,0
8728,0
8727,0
8726,0
8725,0
8724,0
8723,0
8722,0
8721,0
8720,17
8719,23
8718,0
8717,0
8716,0
8715,0
8714,0
8713,100
8712,100
8711,100
8710,100
8709,0
8708,0
8707,30
8706,100
8705,0
8704,0
8703,2
8702,89
8701,36
8700,51
8699,14
8698,88
8697,44
8696,25
8695,21
8694,20
8693,33
8692,29
8691,0
8690,0
8689,0
8688,0
8687,0
8686,0
8685,0
8684,0
8683,0
8682,0
8681,0
8680,0
8679,0
8678,20
8677,0
8676,0
8675,0
8674,0
8673,93
8672,0
8671,100
8670,100
8669,100
8668,0
8667,0
8666,87
8665,0
8664,100
8663,100
8662,0
8661,0
8660,0
8659,0
8658,28
8657,0
8656,77
8655,58
8654,100
8653,30
8652,20
8651,37
8650,30
8649,0
8648,0
8647,0
8646,0
8645,0
8644,0
8643,0
8642,0
8641,0
8640,0
8639,0
8638,0
8637,0
8636,27
8635,15
8634,0
8633,0
8632,0
8631,0
8630,100
8629,0
8628,0
8627,0
8626,0
8625,0
8624,99
8623,100
8622,0
8621,0
8620,0
8619,94
8618,61
8617,3
8616,16
8615,50
8614,23
8613,22
8612,41
8611,32
8610,25
8609,46
8608,50
8607,0
8606,0
8605,0
8604,0
8603,0
8602,0
8601,0
8600,0
8599,0
8598,0
8597,23
8596,15
8595,17
8594,0
8593,0
8592,0
8591,90
8590,0
8589,95
8588,100
8587,100
8586,0
8585,0
8584,0
8583,0
8582,26
8581,0
8580,0
8579,74
8578,100
8577,0
8576,0
8575,0
8574,20
8573,21
8572,38
8571,44
8570,49
8569,31
8568,34
8567,0
8566,0
8565,0
8564,0
8563,0
8562,0
8561,22
8560,0
8559,0
8558,0
8557,0
8556,0
8555,0
8554,100
8553,94
8552,0
8551,0
8550,91
8549,100
8548,0
8547,0
8546,0
8545,0
8544,0
8543,0
8542,71
8541,79
8540,32
8539,0
8538,41
8537,29
8536,0
8535,38
8534,43
8533,53
8532,42
8531,0
8530,0
8529,0
8528,0
8527,0
8526,0
8525,0
8524,0
8523,23
8522,0
8521,15
8520,0
8519,0
8518,0
8517,0
8516,0
8515,95
8514,100
8513,100
8512,100
8511,100
8510,0
8509,0
8508,0
8507,0
8506,0
8505,0
8504,72
8503,100
8502,20
8501,33
8500,36
8499,25
8498,40
8497,58
8496,50
8495,100
8494,28
8493,0
8492,0
8491,0
8490,0
8489,0
8488,0
8487,0
8486,18
8485,20
8484,12
8483,0
8482,0
8481,0
8480,0
8479,22
8478,68
8477,0
8476,100
8475,100
8474,100
8473,100
8472,0
8471,100
8470,0
8469,0
8468,0
8467,49
8466,67
8465,29
8464,35
8463,35
8462,29
8461,22
8460,38
8459,53
8458,100
8457,100
8456,0
8455,0
8454,25
8453,0
8452,0
8451,0
8450,0
8449,0
8448,22
8447,14
8446,16
8445,0
8444,0
8443,0
8442,0
8441,32
8440,0
8439,99
8438,100
8437,0
8436,100
8435,0
8434,0
8433,0
8432,0
8431,0
8430,0
8429,75
8428,31
8427,28
8426,45
8425,29
8424,0
8423,31
8422,45
8421,42
8420,54
8419,40
8418,0
8417,0
8416,0
8415,0
8414,0
8413,0
8412,25
8411,22
8410,0
8409,0
8408,0
8407,0
8406,0
8405,0
8404,0
8403,0
8402,100
8401,100
8400,0
8399,100
8398,0
8397,0
8396,0
8395,0
8394,0
8393,0
8392,67
8391,26
8390,36
8389,26
8388,33
8387,0
8386,35
8385,59
8384,100
8383,0
8382,0
8381,0
8380,0
8379,0
8378,0
8377,0
8376,0
8375,18
8374,18
8373,18
8372,0
8371,0
8370,0
8369,0
8368,0
8367,0
8366,17
8365,0
8364,99
8363,100
8362,0
8361,0
8360,0
8359,0
8358,0
8357,0
8356,0
8355,38
8354,68
8353,46
8352,44
8351,42
8350,27
8349,18
8348,34
8347,38
8346,100
8345,0
8344,0
8343,0
8342,0
8341,24
8340,0
8339,0
8338,0
8337,12
8336,12
8335,15
8334,0
8333,0
8332,0
8331,0
8330,0
8329,100
8328,0
8327,0
8326,100
8325,0
8324,100
8323,0
8322,0
8321,0
8320,0
8319,0
8318,0
8317,0
8316,82
8315,70
8314,44
8313,45
8312,29
8311,29
8310,31
8309,0
8308,100
8307,100
8306,0
8305,0
8304,0
8303,0
8302,0
8301,0
8300,0
8299,15
8298,11
8297,18
8296,0
8295,0
8294,0
8293,0
8292,0
8291,0
8290,0
8289,6
8288,71
8287,0
8286,0
8285,0
8284,0
8283,0
8282,0
8281,0
8280,0
8279,0
8278,40
8277,96
8276,98
8275,33
8274,46
8273,26
8272,22
8271,0
8270,47
8269,0
8268,0
8267,0
8266,0
8265,0
8264,0
8263,0
8262,0
8261,0
8260,13
8259,13
8258,11
8257,21
8256,0
8255,0
8254,0
8253,0
8252,0
8251,100
8250,100
8249,0
8248,0
8247,0
8246,100
8245,0
8244,0
8243,0
8242,0
8241,0
8240,0
8239,0
8238,97
8237,31
8236,21
8235,68
8234,28
8233,46
8232,100
8231,100
8230,100
8229,0
8228,0
8227,0
8226,0
8225,0
8224,0
8223,0
8222,16
8221,13
8220,0
8219,0
8218,0
8217,0
8216,0
8215,0
8214,0
8213,0
8212,0
8211,0
8210,0
8209,0
8208,96
8207,0
8206,0
8205,0
8204,88
8203,94
8202,0
8201,52
8200,0
8199,96
8198,32
8197,73
8196,23
8195,25
8194,52
8193,100
8192,100
8191,0
8190,0
8189,0
8188,0
8187,0
8186,0
8185,0
8184,0
8183,19
8182,12
8181,0
8180,0
8179,0
8178,0
8177,0
8176,0
8175,0
8174,100
8173,100
8172,100
8171,37
8170,98
8169,0
8168,100
8167,0
8166,54
8165,72
8164,0
8163,0
8162,0
8161,72
8160,63
8159,28
8158,30
8157,52
8156,33
8155,56
8154,100
8153,100
8152,100
8151,0
8150,0
8149,38
8148,0
8147,0
8146,0
8145,0
8144,0
8143,14
8142,0
8141,0
8140,0
8139,0
8138,0
8137,0
8136,0
8135,43
8134,100
8133,0
8132,0
8131,0
8130,100
8129,0
8128,0
8127,65
8126,92
8125,0
8124,0
8123,0
8122,81
8121,0
8120,32
8119,65
8118,29
8117,46
8116,52
8115,100
8114,100
8113,0
8112,0
8111,0
8110,0
8109,0
8108,0
8107,0
8106,0
8105,0
8104,16
8103,0
8102,0
8101,0
8100,0
8099,0
8098,0
8097,40
8096,0
8095,0
8094,0
8093,0
8092,0
8091,0
8090,0
8089,63
8088,68
8087,0
8086,95
8085,0
8084,0
8083,53
8082,26
8081,35
8080,41
8079,47
8078,100
8077,100
8076,100
8075,100
8074,0
8073,0
8072,0
8071,0
8070,0
8069,0
8068,0
8067,0
8066,23
8065,0
8064,0
8063,0
8062,0
8061,0
8060,0
8059,0
8058,100
8057,100
8056,100
8055,60
8054,31
8053,66
8052,0
8051,0
8050,65
8049,0
8048,96
8047,43
8046,0
8045,0
8044,58
8043,0
8042,43
8041,39
8040,47
8039,100
8038,100
8037,100
8036,0
8035,0
8034,26
8033,0
8032,0
8031,0
8030,0
8029,0
8028,0
8027,0
8026,0
8025,0
8024,0
8023,0
8022,0
8021,0
8020,51
8019,99
8018,0
8017,45
8016,61
8015,50
8014,47
8013,0
8012,0
8011,70
8010,80
8009,98
8008,0
8007,0
8006,0
8005,0
8004,56
8003,0
8002,16
8001,42
8000,100
7999,100
7998,100
7997,0
7996,27
7995,27
7994,36
7993,0
7992,0
7991,0
7990,0
7989,0
7988,14
7987,0
7986,0
7985,0
7984,0
7983,0
7982,0
7981,0
7980,100
7979,99
7978,94
7977,62
7976,0
7975,33
7974,68
7973,40
7972,50
7971,70
7970,70
7969,95
7968,100
7967,0
7966,0
7965,0
7964,34
7963,22
7962,40
7961,100
7960,100
7959,100
7958,0
7957,0
7956,26
7955,0
7954,0
7953,0
7952,0
7951,0
7950,0
7949,0
7948,0
7947,0
7946,0
7945,0
7944,0
7943,0
7942,56
7941,0
7940,100
7939,99
7938,49
7937,0
7936,59
7935,39
7934,53
7933,53
7932,47
7931,0
7930,100
7929,100
7928,100
7927,100
7926,0
7925,25
7924,21
7923,21
7922,100
7921,100
7920,100
7919,100
7918,0
7917,26
7916,38
7915,0
7914,0
7913,0
7912,0
7911,0
7910,19
7909,0
7908,0
7907,0
7906,0
7905,0
7904,19
7903,0
7902,0
7901,100
7900,100
7899,66
7898,53
7897,66
7896,80
7895,38
7894,47
7893,49
7892,0
7891,100
7890,100
7889,100
7888,100
7887,0
7886,0
7885,26
7884,100
7883,100
7882,100
7881,100
7880,0
7879,0
7878,36
7877,0
7876,0
7875,0
7874,0
7873,29
7872,31
7871,0
7870,0
7869,0
7868,0
7867,0
7866,0
7865,0
7864,0
7863,0
7862,97
7861,33
7860,65
7859,57
7858,79
7857,77
7856,57
7855,0
7854,0
7853,0
7852,100
7851,100
7850,1
7849,0
7848,0
7847,0
7846,0
7845,100
7844,100
7843,100
7842,100
7841,0
7840,17
7839,25
7838,26
7837,0
7836,0
7835,20
7834,25
7833,15
7832,0
7831,0
7830,0
7829,0
7828,0
7827,16
7826,21
7825,0
7824,44
7823,100
7822,55
7821,62
7820,29
7819,98
7818,51
7817,0
7816,65
7815,72
7814,0
7813,100
7812,100
7811,0
7810,39
7809,0
7808,0
7807,100
7806,100
7805,100
7804,100
7803,0
7802,0
7801,20
7800,26
7799,0
7798,0
7797,0
7796,28
7795,17
7794,0
7793,0
7792,0
7791,0
7790,0
7789,0
7788,0
7787,0
7786,0
7785,100
7784,97
7783,100
7782,45
7781,71
7780,100
7779,100
7778,0
7777,43
7776,42
7775,72
7774,86
7773,85
7772,100
7771,79
7770,0
7769,0
7768,19
7767,45
7766,100
7765,100
7764,100
7763,100
7762,32
7761,17
7760,0
7759,0
7758,0
7757,0
7756,16
7755,21
7754,0
7753,0
7752,0
7751,0
7750,0
7749,0
7748,0
7747,23
7746,0
7745,0
7744,100
7743,100
7742,100
7741,92
7740,95
7739,93
7738,100
7737,93
7736,81
7735,63
7734,58
7733,0
7732,0
7731,0
7730,0
7729,100
7728,100
7727,55
7726,32
7725,0
7724,0
7723,100
7722,100
7721,100
7720,100
7719,29
7718,0
7717,0
7716,0
7715,0
7714,18
7713,0
7712,0
7711,0
7710,0
7709,0
7708,0
7707,0
7706,0
7705,0
7704,0
7703,19
7702,20
7701,100
7700,99
7699,100
7698,0
7697,97
7696,100
7695,54
7694,100
7693,100
7692,86
7691,0
7690,38
7689,0
7688,0
7687,0
7686,88
7685,100
7684,0
7683,0
7682,0
7681,0
7680,0
7679,100
7678,100
7677,100
7676,100
7675,0
7674,0
7673,0
7672,0
7671,14
7670,0
7669,0
7668,0
7667,0
7666,0
7665,14
7664,0
7663,0
7662,0
7661,13
7660,25
7659,16
7658,18
7657,100
7656,100
7655,97
7654,100
7653,100
7652,62
7651,85
7650,100
7649,0
7648,38
7647,0
7646,0
7645,0
7644,100
7643,100
7642,59
7641,0
7640,0
7639,100
7638,100
7637,100
7636,100
7635,100
7634,0
7633,0
7632,51
7631,0
7630,100
7629,0
7628,0
7627,0
7626,0
7625,0
7624,18
7623,0
7622,0
7621,0
7620,0
7619,10
7618,0
7617,14
7616,100
7615,99
7614,100
7613,99
7612,100
7611,100
7610,32
7609,41
7608,79
7607,100
7606,0
7605,41
7604,0
7603,0
7602,91
7601,86
7600,100
7599,0
7598,0
7597,0
7596,0
7595,100
7594,100
7593,100
7592,100
7591,100
7590,0
7589,0
7588,0
7587,100
7586,98
7585,39
7584,0
7583,0
7582,20
7581,16
7580,0
7579,0
7578,0
7577,21
7576,16
7575,21
7574,15
7573,15
7572,100
7571,100
7570,100
7569,92
7568,94
7567,74
7566,64
7565,100
7564,100
7563,37
7562,0
7561,39
7560,0
7559,86
7558,100
7557,100
7556,0
7555,0
7554,0
7553,100
7552,100
7551,100
7550,100
7549,100
7548,0
7547,0
7546,0
7545,48
7544,100
7543,0
7542,0
7541,0
7540,0
7539,0
7538,0
7537,0
7536,0
7535,42
7534,0
7533,10
7532,13
7531,16
7530,91
7529,99
7528,100
7527,99
7526,100
7525,25
7524,41
7523,48
7522,86
7521,100
7520,100
7519,48
7518,0
7517,0
7516,60
7515,0
7514,100
7513,100
7512,0
7511,0
7510,0
7509,0
7508,100
7507,100
7506,100
7505,100
7504,100
7503,0
7502,0
7501,0
7500,100
7499,96
7498,0
7497,0
7496,0
7495,38
7494,34
7493,0
7492,0
7491,0
7490,16
7489,8
7488,15
7487,18
7486,16
7485,100
7484,100
7483,95
7482,100
7481,100
7480,100
7479,56
7478,46
7477,0
7476,100
7475,100
7474,100
7473,0
7472,0
7471,50
7470,0
7469,100
7468,100
7467,100
7466,0
7465,0
7464,0
7463,100
7462,100
7461,100
7460,100
7459,100
7458,100
7457,100
7456,100
7455,100
7454,98
7453,96
7452,99
7451,100
7450,34
7449,38
7448,0
7447,0
7446,30
7445,0
7444,0
7443,30
7442,0
7441,19
7440,100
7439,96
7438,100
7437,100
7436,100
7435,100
7434,41
7433,41
7432,0
7431,0
7430,100
7429,33
7428,0
7427,0
7426,0
7425,0
7424,100
7423,100
7422,0
7421,0
7420,0
7419,0
7418,100
7417,100
7416,100
7415,100
7414,100
7413,100
7412,100
7411,100
7410,100
7409,99
7408,98
7407,98
7406,46
7405,38
7404,0
7403,0
7402,35
7401,0
7400,30
7399,25
7398,44
7397,0
7396,0
7395,100
7394,100
7393,100
7392,100
7391,38
7390,29
7389,29
7388,0
7387,100
7386,0
7385,53
7384,0
7383,24
7382,0
7381,0
7380,0
7379,0
7378,0
7377,0
7376,100
7375,100
7374,100
7373,100
7372,100
7371,100
7370,100
7369,100
7368,100
7367,95
7366,97
7365,100
7364,41
7363,37
7362,0
7361,25
7360,0
7359,34
7358,13
7357,31
7356,41
7355,30
7354,100
7353,97
7352,100
7351,100
7350,44
7349,30
7348,75
7347,100
7346,55
7345,53
7344,0
7343,100
7342,0
7341,0
7340,0
7339,0
7338,0
7337,0
7336,0
7335,100
7334,100
7333,100
7332,100
7331,100
7330,100
7329,100
7328,100
7327,99
7326,96
7325,100
7324,45
7323,0
7322,0
7321,43
7320,29
7319,61
7318,0
7317,20
7316,50
7315,98
7314,18
7313,100
7312,100
7311,100
7310,67
7309,31
7308,30
7307,65
7306,0
7305,32
7304,0
7303,0
7302,16
7301,0
7300,0
7299,0
7298,0
7297,0
7296,100
7295,100
7294,100
7293,100
7292,100
7291,100
7290,100
7289,100
7288,100
7287,100
7286,100
7285,100
7284,100
7283,98
7282,97
7281,100
7280,100
7279,66
7278,69
7277,84
7276,0
7275,100
7274,100
7273,100
7272,100
7271,51
7270,62
7269,32
7268,67
7267,86
7266,0
7265,0
7264,0
7263,0
7262,19
7261,0
7260,0
7259,0
7258,0
7257,0
7256,0
7255,100
7254,100
7253,100
7252,100
7251,100
7250,100
7249,100
7248,100
7247,100
7246,100
7245,100
7244,100
7243,100
7242,99
7241,93
7240,100
7239,100
7238,62
7237,66
7236,0
7235,100
7234,100
7233,100
7232,100
7231,100
7230,100
7229,34
7228,55
7227,100
7226,100
7225,0
7224,0
7223,0
7222,0
7221,23
7220,0
7219,0
7218,0
7217,0
7216,0
7215,0
7214,0
7213,100
7212,100
7211,100
7210,100
7209,100
7208,100
7207,100
7206,100
7205,100
7204,100
7203,100
7202,100
7201,100
7200,100
7199,100
7198,66
7197,66
7196,83
7195,0
7194,100
7193,100
7192,100
7191,52
7190,37
7189,54
7188,41
7187,60
7186,10
7185,0
7184,0
7183,15
7182,0
7181,0
7180,0
7179,0
7178,0
7177,0
7176,100
7175,100
7174,100
7173,100
7172,100
7171,100
7170,100
7169,100
7168,100
7167,100
7166,100
7165,100
7164,100
7163,100
7162,100
7161,100
7160,63
7159,64
7158,84
7157,100
7156,100
7155,100
7154,100
7153,100
7152,39
7151,62
7150,100
7149,100
7148,53
7147,16
7146,0
7145,0
7144,17
7143,0
7142,0
7141,0
7140,0
7139,0
7138,29
7137,0
7136,100
7135,100
7134,100
7133,100
7132,100
7131,100
7130,100
7129,100
7128,100
7127,100
7126,100
7125,100
7124,100
7123,100
7122,100
7121,72
7120,62
7119,89
7118,82
7117,100
7116,100
7115,100
7114,30
7113,75
7112,66
7111,37
7110,0
7109,13
7108,20
7107,0
7106,0
7105,11
7104,0
7103,0
7102,0
7101,0
7100,16
7099,0
7098,0
7097,0
7096,15
7095,29
7094,30
7093,32
7092,31
7091,0
7090,24
7089,32
7088,10
7087,12
7086,14
7085,17
7084,100
7083,70
7082,60
7081,83
7080,100
7079,100
7078,99
7077,37
7076,100
7075,65
7074,70
7073,100
7072,100
7071,50
7070,0
7069,0
7068,0
7067,13
7066,0
7065,0
7064,0
7063,0
7062,0
7061,0
7060,0
7059,0
7058,0
7057,0
7056,26
7055,29
7054,35
7053,22
7052,0
7051,24
7050,25
7049,29
7048,13
7047,14
7046,13
7045,13
7044,74
7043,69
7042,87
7041,80
7040,100
7039,100
7038,46
7037,49
7036,94
7035,77
7034,100
7033,46
7032,100
7031,0
7030,19
7029,0
7028,15
7027,0
7026,0
7025,0
7024,0
7023,16
7022,0
7021,0
7020,0
7019,21
7018,16
7017,20
7016,23
7015,30
7014,0
7013,29
7012,32
7011,43
7010,12
7009,15
7008,17
7007,18
7006,100
7005,100
7004,100
7003,100
7002,100
7001,100
7000,98
6999,56
6998,48
6997,100
6996,96
6995,57
6994,83
6993,0
6992,100
6991,100
6990,0
6989,0
6988,0
6987,0
6986,0
6985,0
6984,0
6983,0
6982,0
6981,0
6980,0
6979,0
6978,0
6977,0
6976,14
6975,23
6974,33
6973,30
6972,38
6971,0
6970,25
6969,32
6968,24
6967,8
6966,21
6965,13
6964,20
6963,100
6962,100
6961,100
6960,100
6959,100
6958,100
6957,49
6956,37
6955,62
6954,0
6953,0
6952,80
6951,100
6950,38
6949,0
6948,0
6947,0
6946,0
6945,0
6944,0
6943,0
6942,0
6941,13
6940,0
6939,0
6938,0
6937,0
6936,17
6935,21
6934,13
6933,14
6932,23
6931,39
6930,0
6929,23
6928,32
6927,16
6926,10
6925,19
6924,21
6923,99
6922,100
6921,100
6920,100
6919,100
6918,100
6917,96
6916,59
6915,55
6914,74
6913,0
6912,88
6911,0
6910,100
6909,38
6908,0
6907,14
6906,0
6905,0
6904,0
6903,0
6902,0
6901,0
6900,0
6899,0
6898,0
6897,0
6896,0
6895,0
6894,17
6893,18
6892,17
6891,19
6890,19
6889,35
6888,35
6887,31
6886,28
6885,12
6884,23
6883,17
6882,16
6881,100
6880,100
6879,100
6878,100
6877,100
6876,100
6875,50
6874,56
6873,68
6872,100
6871,0
6870,0
6869,100
6868,42
6867,39
6866,34
6865,0
6864,0
6863,0
6862,0
6861,0
6860,0
6859,14
6858,0
6857,0
6856,0
6855,0
6854,30
6853,29
6852,21
6851,10
6850,22
6849,0
6848,0
6847,16
6846,16
6845,12
6844,13
6843,15
6842,20
6841,100
6840,100
6839,100
6838,100
6837,100
6836,100
6835,95
6834,64
6833,57
6832,74
6831,0
6830,0
6829,0
6828,100
6827,30
6826,0
6825,0
6824,0
6823,0
6822,0
6821,0
6820,0
6819,0
6818,0
6817,0
6816,0
6815,0
6814,0
6813,0
6812,31
6811,22
6810,16
6809,19
6808,15
6807,0
6806,30
6805,20
6804,15
6803,13
6802,19
6801,17
6800,17
6799,100
6798,100
6797,100
6796,100
6795,100
6794,49
6793,55
6792,41
6791,46
6790,0
6789,0
6788,95
6787,100
6786,39
6785,0
6784,41
6783,0
6782,0
6781,0
6780,0
6779,0
6778,0
6777,16
6776,0
6775,0
6774,0
6773,0
6772,0
6771,27
6770,18
6769,16
6768,21
6767,18
6766,17
6765,17
6764,20
6763,12
6762,17
6761,29
6760,21
6759,100
6758,100
6757,100
6756,100
6755,100
6754,100
6753,100
6752,59
6751,44
6750,0
6749,0
6748,84
6747,91
6746,100
6745,100
6744,100
6743,0
6742,0
6741,0
6740,0
6739,0
6738,0
6737,0
6736,0
6735,0
6734,0
6733,0
6732,0
6731,0
6730,0
6729,0
6728,15
6727,22
6726,16
6725,13
6724,18
6723,18
6722,17
6721,21
6720,24
6719,20
6718,21
6717,21
6716,28
6715,100
6714,100
6713,100
6712,100
6711,100
6710,52
6709,70
6708,36
6707,0
6706,3
6705,0
6704,100
6703,100
6702,32
6701,100
6700,0
6699,0
6698,100
6697,0
6696,0
6695,0
6694,0
6693,17
6692,0
6691,0
6690,0
6689,0
6688,0
6687,0
6686,0
6685,26
6684,20
6683,17
6682,17
6681,18
6680,12
6679,24
6678,30
6677,21
6676,24
6675,25
6674,33
6673,100
6672,100
6671,100
6670,100
6669,100
6668,100
6667,100
6666,54
6665,46
6664,60
6663,0
6662,56
6661,100
6660,100
6659,100
6658,32
6657,0
6656,100
6655,0
6654,0
6653,0
6652,0
6651,0
6650,0
6649,0
6648,0
6647,0
6646,0
6645,0
6644,0
6643,0
6642,16
6641,22
6640,27
6639,15
6638,20
6637,15
6636,12
6635,12
6634,11
6633,16
6632,21
6631,24
6630,36
6629,39
6628,100
6627,100
6626,100
6625,100
6624,100
6623,89
6622,100
6621,100
6620,100
6619,100
6618,100
6617,0
6616,58
6615,0
6614,54
6613,0
6612,0
6611,0
6610,0
6609,0
6608,0
6607,100
6606,0
6605,0
6604,15
6603,0
6602,0
6601,0
6600,0
6599,0
6598,0
6597,0
6596,14
6595,10
6594,21
6593,23
6592,15
6591,21
6590,12
6589,18
6588,14
6587,19
6586,17
6585,22
6584,20
6583,15
6582,36
6581,49
6580,100
6579,100
6578,86
6577,79
6576,100
6575,0
6574,100
6573,96
6572,100
6571,80
6570,0
6569,0
6568,0
6567,100
6566,100
6565,0
6564,0
6563,0
6562,0
6561,0
6560,0
6559,0
6558,0
6557,0
6556,0
6555,0
6554,0
6553,0
6552,0
6551,0
6550,0
6549,0
6548,19
6547,9
6546,27
6545,14
6544,11
6543,12
6542,13
6541,15
6540,12
6539,12
6538,24
6537,19
6536,19
6535,36
6534,64
6533,45
6532,100
6531,67
6530,0
6529,0
6528,0
6527,100
6526,100
6525,98
6524,59
6523,44
6522,36
6521,100
6520,100
6519,0
6518,0
6517,0
6516,0
6515,92
6514,100
6513,0
6512,0
6511,0
6510,0
6509,0
6508,0
6507,0
6506,0
6505,0
6504,0
6503,0
6502,9
6501,23
6500,23
6499,19
6498,16
6497,21
6496,16
6495,18
6494,16
6493,24
6492,19
6491,21
6490,20
6489,30
6488,61
6487,100
6486,100
6485,93
6484,0
6483,100
6482,100
6481,0
6480,100
6479,2
6478,0
6477,41
6476,100
6475,0
6474,18
6473,0
6472,0
6471,0
6470,0
6469,84
6468,0
6467,0
6466,0
6465,0
6464,0
6463,0
6462,0
6461,0
6460,0
6459,0
6458,0
6457,12
6456,14
6455,13
6454,25
6453,15
6452,14
6451,19
6450,16
6449,15
6448,19
6447,20
6446,21
6445,12
6444,38
6443,22
6442,22
6441,93
6440,91
6439,0
6438,100
6437,100
6436,100
6435,100
6434,58
6433,70
6432,0
6431,0
6430,72
6429,0
6428,0
6427,0
6426,0
6425,0
6424,87
6423,100
6422,58
6421,9
6420,0
6419,0
6418,0
6417,0
6416,0
6415,0
6414,0
6413,0
6412,11
6411,13
6410,25
6409,22
6408,10
6407,17
6406,12
6405,19
6404,14
6403,16
6402,19
6401,20
6400,14
6399,11
6398,34
6397,29
6396,79
6395,100
6394,0
6393,0
6392,100
6391,100
6390,100
6389,100
6388,100
6387,98
6386,0
6385,0
6384,98
6383,100
6382,0
6381,65
6380,0
6379,0
6378,0
6377,45
6376,0
6375,100
6374,14
6373,0
6372,0
6371,0
6370,0
6369,0
6368,0
6367,0
6366,0
6365,0
6364,19
6363,22
6362,35
6361,14
6360,21
6359,24
6358,16
6357,13
6356,12
6355,23
6354,20
6353,21
6352,17
6351,19
6350,20
6349,0
6348,0
6347,0
6346,93
6345,100
6344,100
6343,100
6342,100
6341,98
6340,100
6339,0
6338,0
6337,100
6336,0
6335,0
6334,0
6333,0
6332,0
6331,0
6330,0
6329,100
6328,100
6327,0
6326,0
6325,0
6324,0
6323,0
6322,0
6321,0
6320,0
6319,0
6318,0
6317,9
6316,23
6315,34
6314,19
6313,17
6312,11
6311,20
6310,23
6309,9
6308,21
6307,18
6306,15
6305,20
6304,23
6303,0
6302,0
6301,100
6300,0
6299,0
6298,100
6297,100
6296,92
6295,0
6294,27
6293,0
6292,0
6291,0
6290,0
6289,0
6288,0
6287,0
6286,0
6285,0
6284,0
6283,0
6282,0
6281,0
6280,0
6279,0
6278,0
6277,0
6276,15
6275,21
6274,13
6273,15
6272,13
6271,7
6270,26
6269,22
6268,21
6267,19
6266,15
6265,14
6264,15
6263,18
6262,13
6261,13
6260,17
6259,0
6258,0
6257,0
6256,0
6255,0
6254,0
6253,100
6252,100
6251,40
6250,85
6249,0
6248,0
6247,0
6246,0
6245,0
6244,0
6243,0
6242,0
6241,67
6240,45
6239,0
6238,0
6237,0
6236,0
6235,0
6234,0
6233,0
6232,0
6231,0
6230,17
6229,21
6228,12
6227,15
6226,22
6225,21
6224,21
6223,14
6222,13
6221,15
6220,15
6219,21
6218,18
6217,19
6216,0
6215,0
6214,0
6213,0
6212,50
6211,0
6210,0
6209,100
6208,92
6207,0
6206,40
6205,86
6204,100
6203,0
6202,0
6201,0
6200,0
6199,0
6198,0
6197,0
6196,43
6195,0
6194,0
6193,0
6192,0
6191,0
6190,0
6189,0
6188,0
6187,0
6186,17
6185,17
6184,11
6183,9
6182,9
6181,25
6180,19
6179,22
6178,18
6177,16
6176,16
6175,20
6174,19
6173,16
6172,21
6171,0
6170,0
6169,90
6168,0
6167,0
6166,0
6165,100
6164,92
6163,100
6162,0
6161,100
6160,40
6159,0
6158,0
6157,0
6156,100
6155,0
6154,0
6153,0
6152,0
6151,0
6150,0
6149,0
6148,0
6147,0
6146,0
6145,0
6144,0
6143,0
6142,0
6141,17
6140,27
6139,16
6138,8
6137,25
6136,24
6135,17
6134,27
6133,16
6132,23
6131,10
6130,20
6129,17
6128,14
6127,20
6126,19
6125,0
6124,0
6123,52
6122,0
6121,0
6120,100
6119,88
6118,100
6117,97
6116,100
6115,100
6114,0
6113,100
6112,100
6111,100
6110,100
6109,0
6108,0
6107,0
6106,57
6105,0
6104,0
6103,0
6102,0
6101,0
6100,0
6099,0
6098,0
6097,0
6096,0
6095,0
6094,0
6093,0
6092,0
6091,20
6090,5
6089,12
6088,13
6087,22
6086,13
6085,23
6084,17
6083,18
6082,17
6081,17
6080,24
6079,24
6078,14
6077,17
6076,28
6075,0
6074,0
6073,32
6072,26
6071,100
6070,100
6069,0
6068,97
6067,100
6066,100
6065,69
6064,0
6063,100
6062,100
6061,100
6060,100
6059,18
6058,0
6057,65
6056,0
6055,0
6054,0
6053,0
6052,0
6051,0
6050,0
6049,0
6048,0
6047,0
6046,0
6045,0
6044,0
6043,0
6042,0
6041,0
6040,15
6039,11
6038,12
6037,17
6036,23
6035,16
6034,22
6033,15
6032,15
6031,20
6030,26
6029,19
6028,18
6027,20
6026,26
6025,90
6024,88
6023,0
6022,0
6021,0
6020,94
6019,95
6018,97
6017,100
6016,0
6015,69
6014,0
6013,0
6012,0
6011,0
6010,0
6009,7
6008,0
6007,60
6006,0
6005,0
6004,0
6003,0
6002,0
6001,0
6000,0
5999,0
5998,0
5997,0
5996,0
5995,0
5994,0
5993,0
5992,0
5991,29
5990,9
5989,12
5988,5
5987,18
5986,23
5985,25
5984,18
5983,20
5982,15
5981,35
5980,28
5979,20
5978,18
5977,20
5976,31
5975,100
5974,0
5973,0
5972,0
5971,100
5970,92
5969,100
5968,100
5967,0
5966,0
5965,0
5964,0
5963,0
5962,0
5961,0
5960,0
5959,0
5958,0
5957,0
5956,0
5955,0
5954,0
5953,0
5952,0
5951,0
5950,0
5949,0
5948,0
5947,0
5946,0
5945,0
5944,0
5943,0
5942,0
5941,26
5940,11
5939,3
5938,6
5937,13
5936,20
5935,24
5934,17
5933,14
5932,28
5931,24
5930,21
5929,14
5928,12
5927,20
5926,25
5925,38
5924,0
5923,31
5922,15
5921,15
5920,100
5919,0
5918,100
5917,0
5916,98
5915,0
5914,0
5913,0
5912,0
5911,0
5910,15
5909,0
5908,0
5907,0
5906,0
5905,0
5904,0
5903,0
5902,0
5901,0
5900,0
5899,0
5898,19
5897,0
5896,0
5895,0
5894,0
5893,0
5892,0
5891,0
5890,31
5889,7
5888,10
5887,13
5886,19
5885,27
5884,16
5883,17
5882,15
5881,43
5880,28
5879,18
5878,24
5877,20
5876,28
5875,28
5874,53
5873,27
5872,6
5871,13
5870,100
5869,100
5868,99
5867,0
5866,0
5865,68
5864,0
5863,0
5862,0
5861,0
5860,3
5859,24
5858,0
5857,0
5856,0
5855,0
5854,0
5853,0
5852,0
5851,0
5850,0
5849,0
5848,0
5847,0
5846,0
5845,0
5844,0
5843,0
5842,0
5841,18
5840,21
5839,17
5838,17
5837,15
5836,0
5835,19
5834,20
5833,16
5832,24
5831,31
5830,36
5829,15
5828,24
5827,24
5826,39
5825,43
5824,48
5823,0
5822,11
5821,12
5820,54
5819,100
5818,0
5817,0
5816,6
5815,0
5814,0
5813,0
5812,0
5811,9
5810,7
5809,0
5808,0
5807,0
5806,0
5805,0
5804,0
5803,0
5802,0
5801,47
5800,0
5799,0
5798,0
5797,0
5796,0
5795,18
5794,0
5793,0
5792,19
5791,21
5790,16
5789,18
5788,16
5787,22
5786,14
5785,27
5784,26
5783,24
5782,35
5781,48
5780,18
5779,19
5778,20
5777,47
5776,43
5775,23
5774,0
5773,0
5772,100
5771,100
5770,69
5769,62
5768,0
5767,0
5766,100
5765,0
5764,0
5763,0
5762,0
5761,0
5760,0
5759,0
5758,0
5757,0
5756,38
5755,0
5754,31
5753,0
5752,0
5751,0
5750,0
5749,0
5748,20
5747,0
5746,16
5745,17
5744,12
5743,9
5742,15
5741,17
5740,15
5739,17
5738,18
5737,19
5736,23
5735,39
5734,36
5733,20
5732,26
5731,34
5730,16
5729,10
5728,35
5727,0
5726,14
5725,15
5724,100
5723,100
5722,0
5721,38
5720,100
5719,100
5718,0
5717,0
5716,0
5715,0
5714,0
5713,0
5712,0
5711,0
5710,0
5709,0
5708,0
5707,0
5706,0
5705,0
5704,0
5703,0
5702,13
5701,19
5700,14
5699,23
5698,16
5697,18
5696,13
5695,0
5694,16
5693,0
5692,16
5691,18
5690,26
5689,28
5688,43
5687,37
5686,22
5685,18
5684,14
5683,10
5682,11
5681,24
5680,9
5679,14
5678,100
5677,100
5676,100
5675,100
5674,100
5673,100
5672,0
5671,0
5670,0
5669,0
5668,0
5667,0
5666,0
5665,0
5664,0
5663,0
5662,0
5661,56
5660,0
5659,27
5658,0
5657,0
5656,16
5655,23
5654,17
5653,23
5652,0
5651,0
5650,0
5649,0
5648,0
5647,10
5646,0
5645,22
5644,15
5643,26
5642,29
5641,26
5640,13
5639,11
5638,0
5637,31
5636,43
5635,17
5634,0
5633,50
5632,0
5631,0
5630,0
5629,0
5628,0
5627,0
5626,0
5625,0
5624,0
5623,0
5622,0
5621,0
5620,0
5619,0
5618,0
5617,19
5616,29
5615,0
5614,17
5613,18
5612,0
5611,0
5610,0
5609,0
5608,0
5607,0
5606,0
5605,20
5604,34
5603,29
5602,35
5601,31
5600,16
5599,17
5598,14
5597,40
5596,16
5595,8
5594,0
5593,0
5592,0
5591,0
5590,0
5589,37
5588,0
5587,39
5586,14
5585,0
5584,0
5583,0
5582,0
5581,21
5580,14
5579,19
5578,19
5577,11
5576,15
5575,7
5574,18
5573,0
5572,0
5571,0
5570,0
5569,0
5568,0
5567,0
5566,26
5565,33
5564,28
5563,24
5562,12
5561,18
5560,17
5559,34
5558,22
5557,0
5556,0
5555,0
5554,42
5553,0
5552,0
5551,0
5550,0
5549,0
5548,37
5547,16
5546,0
5545,0
5544,0
5543,0
5542,0
5541,19
5540,16
5539,20
5538,29
5537,17
5536,14
5535,0
5534,0
5533,0
5532,0
5531,0
5530,0
5529,0
5528,0
5527,0
5526,31
5525,26
5524,23
5523,28
5522,14
5521,18
5520,12
5519,0
5518,17
5517,6
5516,47
5515,0
5514,52
5513,0
5512,0
5511,36
5510,0
5509,27
5508,0
5507,0
5506,0
5505,0
5504,0
5503,11
5502,14
5501,14
5500,11
5499,15
5498,22
5497,0
5496,0
5495,0
5494,0
5493,0
5492,0
5491,0
5490,0
5489,0
5488,24
5487,23
5486,34
5485,39
5484,47
5483,57
5482,60
5481,25
5480,18
5479,39
5478,25
5477,100
5476,100
5475,35
5474,0
5473,0
5472,0
5471,0
5470,0
5469,0
5468,35
5467,14
5466,0
5465,25
5464,0
5463,12
5462,12
5461,16
5460,17
5459,14
5458,16
5457,18
5456,0
5455,0
5454,9
5453,0
5452,0
5451,0
5450,0
5449,0
5448,0
5447,0
5446,0
5445,22
5444,27
5443,45
5442,52
5441,60
5440,25
5439,0
5438,0
5437,22
5436,100
5435,100
5434,93
5433,100
5432,0
5431,0
5430,0
5429,0
5428,30
5427,0
5426,32
5425,0
5424,23
5423,0
5422,0
5421,0
5420,9
5419,10
5418,21
5417,18
5416,15
5415,20
5414,0
5413,0
5412,0
5411,0
5410,0
5409,0
5408,0
5407,0
5406,0
5405,0
5404,0
5403,24
5402,32
5401,39
5400,47
5399,75
5398,0
5397,16
5396,17
5395,0
5394,27
5393,81
5392,0
5391,100
5390,100
5389,100
5388,100
5387,0
5386,0
5385,0
5384,0
5383,0
5382,28
5381,30
5380,44
5379,38
5378,29
5377,43
5376,22
5375,15
5374,19
5373,19
5372,23
5371,0
5370,0
5369,0
5368,0
5367,0
5366,0
5365,0
5364,0
5363,0
5362,0
5361,0
5360,0
5359,0
5358,22
5357,26
5356,52
5355,35
5354,69
5353,28
5352,18
5351,10
5350,12
5349,33
5348,38
5347,100
5346,100
5345,100
5344,100
5343,0
5342,0
5341,0
5340,0
5339,0
5338,0
5337,24
5336,0
5335,27
5334,55
5333,0
5332,14
5331,14
5330,17
5329,0
5328,16
5327,0
5326,19
5325,0
5324,0
5323,0
5322,0
5321,0
5320,0
5319,0
5318,0
5317,0
5316,0
5315,0
5314,16
5313,34
5312,45
5311,59
5310,68
5309,21
5308,15
5307,0
5306,32
5305,0
5304,0
5303,0
5302,0
5301,0
5300,100
5299,0
5298,0
5297,0
5296,0
5295,0
5294,0
5293,0
5292,0
5291,14
5290,0
5289,0
5288,0
5287,17
5286,21
5285,16
5284,15
5283,22
5282,0
5281,22
5280,0
5279,0
5278,0
5277,0
5276,0
5275,0
5274,0
5273,0
5272,0
5271,0
5270,0
5269,0
5268,38
5267,48
5266,22
5265,20
5264,0
5263,9
5262,0
5261,20
5260,46
5259,0
5258,100
5257,0
5256,0
5255,0
5254,100
5253,0
5252,100
5251,99
5250,0
5249,0
5248,0
5247,0
5246,0
5245,36
5244,16
5243,30
5242,0
5241,0
5240,27
5239,16
5238,27
5237,14
5236,17
5235,0
5234,0
5233,0
5232,0
5231,0
5230,0
5229,0
5228,0
5227,0
5226,0
5225,0
5224,0
5223,0
5222,21
5221,31
5220,33
5219,22
5218,21
5217,18
5216,15
5215,0
5214,12
5213,36
5212,0
5211,0
5210,0
5209,0
5208,100
5207,100
5206,0
5205,0
5204,100
5203,62
5202,0
5201,0
5200,0
5199,0
5198,0
5197,52
5196,0
5195,0
5194,22
5193,17
5192,26
5191,17
5190,14
5189,15
5188,0
5187,25
5186,20
5185,0
5184,0
5183,0
5182,0
5181,0
5180,0
5179,0
5178,0
5177,0
5176,0
5175,0
5174,0
5173,14
5172,29
5171,46
5170,20
5169,15
5168,20
5167,10
5166,17
5165,0
5164,0
5163,0
5162,1
5161,0
5160,0
5159,100
5158,0
5157,0
5156,100
5155,100
5154,100
5153,100
5152,0
5151,0
5150,0
5149,0
5148,0
5147,69
5146,0
5145,13
5144,25
5143,17
5142,26
5141,18
5140,13
5139,22
5138,22
5137,17
5136,0
5135,0
5134,0
5133,0
5132,0
5131,0
5130,0
5129,0
5128,0
5127,100
5126,0
5125,23
5124,24
5123,14
5122,18
5121,23
5120,21
5119,0
5118,10
5117,12
5116,16
5115,19
5114,0
5113,100
5112,0
5111,0
5110,100
5109,100
5108,0
5107,0
5106,0
5105,0
5104,0
5103,0
5102,0
5101,100
5100,99
5099,0
5098,0
5097,0
5096,0
5095,78
5094,77
5093,26
5092,13
5091,17
5090,36
5089,14
5088,20
5087,14
5086,0
5085,16
5084,0
5083,0
5082,0
5081,0
5080,0
5079,0
5078,0
5077,0
5076,0
5075,0
5074,0
5073,0
5072,24
5071,28
5070,15
5069,18
5068,50
5067,49
5066,21
5065,17
5064,11
5063,19
5062,0
5061,0
5060,33
5059,0
5058,0
5057,0
5056,100
5055,0
5054,0
5053,0
5052,0
5051,0
5050,0
5049,0
5048,0
5047,0
5046,0
5045,0
5044,0
5043,69
5042,69
5041,71
5040,30
5039,15
5038,26
5037,12
5036,19
5035,23
5034,0
5033,20
5032,0
5031,0
5030,0
5029,0
5028,0
5027,0
5026,0
5025,0
5024,0
5023,0
5022,0
5021,100
5020,17
5019,0
5018,26
5017,17
5016,17
5015,49
5014,15
5013,17
5012,20
5011,0
5010,20
5009,0
5008,0
5007,0
5006,0
5005,0
5004,99
5003,95
5002,0
5001,0
5000,100
4999,100
4998,0
4997,0
4996,0
4995,0
4994,0
4993,0
4992,99
4991,0
4990,0
4989,0
4988,100
4987,0
4986,0
4985,0
4984,0
4983,0
4982,0
4981,0
4980,0
4979,0
4978,0
4977,0
4976,0
4975,0
4974,0
4973,0
4972,0
4971,0
4970,0
4969,0
4968,0
4967,100
4966,95
4965,100
4964,0
4963,0
4962,0
4961,0
4960,0
4959,0
4958,0
4957,0
4956,0
4955,0
4954,0
4953,0
4952,0
4951,0
4950,100
4949,99
4948,95
4947,88
4946,100
4945,36
4944,36
4943,100
4942,36
4941,47
4940,42
4939,0
4938,0
4937,72
4936,0
4935,0
4934,0
4933,0
4932,0
4931,0
4930,0
4929,0
4928,0
4927,18
4926,18
4925,12
4924,23
4923,27
4922,20
4921,59
4920,59
4919,57
4918,100
4917,100
4916,100
4915,100
4914,23
4913,23
4912,0
4911,0
4910,0
4909,0
4908,0
4907,0
4906,0
4905,0
4904,0
4903,0
4902,0
4901,0
4900,0
4899,90
4898,100
4897,88
4896,100
4895,100
4894,100
4893,100
4892,100
4891,100
4890,100
4889,100
4888,100
4887,0
4886,0
4885,0
4884,100
4883,0
4882,0
4881,0
4880,0
4879,0
4878,13
4877,11
4876,13
4875,28
4874,18
4873,26
4872,19
4871,22
4870,16
4869,18
4868,24
4867,22
4866,26
4865,23
4864,23
4863,18
4862,35
4861,0
4860,0
4859,0
4858,100
4857,100
4856,100
4855,0
4854,0
4853,0
4852,0
4851,0
4850,0
4849,0
4848,0
4847,0
4846,0
4845,0
4844,0
4843,0
4842,0
4841,0
4840,88
4839,100
4838,100
4837,100
4836,93
4835,100
4834,100
4833,100
4832,100
4831,100
4830,0
4829,0
4828,0
4827,0
4826,0
4825,0
4824,0
4823,0
4822,0
4821,0
4820,0
4819,26
4818,23
4817,29
4816,0
4815,13
4814,18
4813,19
4812,19
4811,17
4810,20
4809,18
4808,18
4807,26
4806,46
4805,69
4804,63
4803,0
4802,100
4801,100
4800,100
4799,100
4798,0
4797,0
4796,0
4795,0
4794,0
4793,0
4792,0
4791,0
4790,0
4789,0
4788,0
4787,0
4786,0
4785,0
4784,0
4783,91
4782,90
4781,90
4780,88
4779,100
4778,100
4777,100
4776,100
4775,100
4774,100
4773,0
4772,0
4771,47
4770,0
4769,0
4768,0
4767,0
4766,0
4765,0
4764,0
4763,0
4762,0
4761,0
4760,21
4759,22
4758,0
4757,16
4756,23
4755,12
4754,17
4753,21
4752,21
4751,19
4750,24
4749,23
4748,18
4747,0
4746,0
4745,100
4744,100
4743,100
4742,100
4741,100
4740,100
4739,0
4738,0
4737,0
4736,0
4735,0
4734,0
4733,0
4732,0
4731,0
4730,0
4729,0
4728,0
4727,0
4726,85
4725,100
4724,88
4723,93
4722,86
4721,92
4720,90
4719,91
4718,0
4717,100
4716,0
4715,0
4714,100
4713,100
4712,100
4711,0
4710,0
4709,0
4708,0
4707,0
4706,0
4705,10
4704,0
4703,4
4702,22
4701,18
4700,15
4699,18
4698,22
4697,25
4696,25
4695,21
4694,19
4693,35
4692,18
4691,32
4690,25
4689,0
4688,0
4687,100
4686,100
4685,100
4684,100
4683,100
4682,100
4681,0
4680,0
4679,0
4678,0
4677,0
4676,0
4675,0
4674,0
4673,0
4672,0
4671,0
4670,0
4669,0
4668,85
4667,100
4666,100
4665,100
4664,100
4663,86
4662,91
4661,90
4660,91
4659,0
4658,0
4657,0
4656,40
4655,100
4654,100
4653,0
4652,99
4651,0
4650,100
4649,0
4648,0
4647,59
4646,56
4645,0
4644,0
4643,18
4642,10
4641,8
4640,9
4639,23
4638,19
4637,18
4636,18
4635,25
4634,29
4633,21
4632,24
4631,26
4630,0
4629,0
4628,0
4627,0
4626,0
4625,0
4624,100
4623,100
4622,100
4621,100
4620,100
4619,100
4618,0
4617,0
4616,0
4615,0
4614,0
4613,0
4612,0
4611,0
4610,0
4609,0
4608,0
4607,0
4606,87
4605,100
4604,92
4603,100
4602,100
4601,100
4600,100
4599,100
4598,100
4597,0
4596,0
4595,0
4594,0
4593,0
4592,100
4591,1
4590,0
4589,0
4588,0
4587,0
4586,0
4585,0
4584,11
4583,28
4582,14
4581,9
4580,11
4579,31
4578,27
4577,22
4576,20
4575,23
4574,22
4573,53
4572,37
4571,22
4570,23
4569,25
4568,0
4567,0
4566,0
4565,0
4564,100
4563,100
4562,100
4561,100
4560,100
4559,100
4558,100
4557,0
4556,0
4555,0
4554,0
4553,0
4552,0
4551,0
4550,0
4549,0
4548,0
4547,0
4546,0
4545,91
4544,91
4543,92
4542,100
4541,89
4540,90
4539,88
4538,26
4537,0
4536,2
4535,0
4534,0
4533,0
4532,0
4531,0
4530,0
4529,0
4528,0
4527,0
4526,0
4525,0
4524,7
4523,26
4522,21
4521,20
4520,17
4519,17
4518,31
4517,32
4516,37
4515,23
4514,18
4513,49
4512,37
4511,51
4510,35
4509,88
4508,100
4507,100
4506,100
4505,100
4504,100
4503,100
4502,100
4501,0
4500,0
4499,0
4498,0
4497,0
4496,0
4495,0
4494,0
4493,0
4492,0
4491,0
4490,90
4489,100
4488,100
4487,100
4486,100
4485,0
4484,12
4483,0
4482,0
4481,0
4480,0
4479,0
4478,0
4477,0
4476,0
4475,0
4474,0
4473,0
4472,0
4471,0
4470,0
4469,7
4468,11
4467,5
4466,0
4465,52
4464,47
4463,47
4462,28
4461,30
4460,42
4459,43
4458,38
4457,78
4456,100
4455,100
4454,100
4453,100
4452,100
4451,100
4450,0
4449,0
4448,0
4447,0
4446,0
4445,0
4444,0
4443,0
4442,0
4441,0
4440,0
4439,0
4438,88
4437,88
4436,100
4435,100
4434,92
4433,0
4432,0
4431,0
4430,64
4429,0
4428,2
4427,0
4426,0
4425,0
4424,0
4423,0
4422,0
4421,0
4420,0
4419,0
4418,0
4417,0
4416,8
4415,11
4414,63
4413,61
4412,50
4411,46
4410,23
4409,53
4408,33
4407,32
4406,37
4405,0
4404,100
4403,100
4402,100
4401,100
4400,100
4399,100
4398,0
4397,0
4396,0
4395,0
4394,0
4393,0
4392,0
4391,0
4390,0
4389,0
4388,0
4387,0
4386,1
4385,100
4384,0
4383,0
4382,0
4381,0
4380,98
4379,0
4378,0
4377,0
4376,19
4375,0
4374,0
4373,0
4372,0
4371,0
4370,0
4369,0
4368,0
4367,0
4366,0
4365,0
4364,7
4363,8
4362,45
4361,0
4360,0
4359,26
4358,24
4357,36
4356,35
4355,53
4354,79
4353,100
4352,100
4351,100
4350,100
4349,100
4348,100
4347,0
4346,0
4345,0
4344,0
4343,10
4342,0
4341,0
4340,0
4339,0
4338,3
4337,0
4336,50
4335,95
4334,1
4333,100
4332,0
4331,0
4330,0
4329,0
4328,0
4327,0
4326,0
4325,100
4324,0
4323,0
4322,1
4321,1
4320,0
4319,0
4318,0
4317,0
4316,0
4315,0
4314,0
4313,8
4312,10
4311,11
4310,4
4309,9
4308,52
4307,52
4306,53
4305,50
4304,32
4303,54
4302,0
4301,35
4300,41
4299,80
4298,100
4297,100
4296,100
4295,100
4294,100
4293,100
4292,0
4291,0
4290,0
4289,0
4288,0
4287,0
4286,0
4285,0
4284,0
4283,13
4282,17
4281,0
4280,0
4279,0
4278,0
4277,100
4276,0
4275,0
4274,100
4273,0
4272,0
4271,0
4270,0
4269,0
4268,0
4267,0
4266,0
4265,0
4264,0
4263,0
4262,0
4261,0
4260,4
4259,12
4258,10
4257,0
4256,0
4255,0
4254,0
4253,14
4252,15
4251,37
4250,0
4249,0
4248,0
4247,36
4246,86
4245,100
4244,100
4243,100
4242,100
4241,100
4240,100
4239,0
4238,0
4237,0
4236,0
4235,0
4234,100
4233,0
4232,0
4231,0
4230,6
4229,19
4228,0
4227,0
4226,100
4225,100
4224,100
4223,0
4222,0
4221,100
4220,0
4219,0
4218,0
4217,45
4216,100
4215,0
4214,0
4213,0
4212,0
4211,0
4210,0
4209,0
4208,0
4207,0
4206,13
4205,5
4204,2
4203,0
4202,0
4201,0
4200,0
4199,20
4198,0
4197,15
4196,8
4195,35
4194,29
4193,41
4192,37
4191,41
4190,0
4189,0
4188,100
4187,100
4186,100
4185,100
4184,100
4183,100
4182,0
4181,0
4180,0
4179,0
4178,7
4177,10
4176,6
4175,0
4174,12
4173,7
4172,0
4171,0
4170,0
4169,0
4168,0
4167,0
4166,0
4165,100
4164,0
4163,0
4162,0
4161,0
4160,0
4159,0
4158,0
4157,0
4156,0
4155,0
4154,0
4153,0
4152,0
4151,0
4150,16
4149,12
4148,6
4147,0
4146,0
4145,0
4144,0
4143,0
4142,35
4141,33
4140,0
4139,87
4138,100
4137,100
4136,100
4135,100
4134,100
4133,100
4132,100
4131,0
4130,0
4129,0
4128,0
4127,0
4126,16
4125,0
4124,5
4123,10
4122,7
4121,0
4120,0
4119,0
4118,100
4117,0
4116,0
4115,19
4114,0
4113,0
4112,0
4111,0
4110,0
4109,0
4108,0
4107,0
4106,0
4105,0
4104,0
4103,0
4102,0
4101,0
4100,0
4099,0
4098,4
4097,6
4096,14
4095,0
4094,0
4093,0
4092,0
4091,18
4090,0
4089,33
4088,32
4087,0
4086,78
4085,92
4084,100
4083,100
4082,100
4081,100
4080,100
4079,100
4078,100
4077,0
4076,0
4075,0
4074,0
4073,0
4072,84
4071,2
4070,2
4069,1
4068,13
4067,0
4066,0
4065,0
4064,100
4063,0
4062,0
4061,0
4060,79
4059,0
4058,0
4057,0
4056,0
4055,0
4054,0
4053,0
4052,0
4051,0
4050,0
4049,0
4048,0
4047,0
4046,0
4045,11
4044,10
4043,4
4042,11
4041,0
4040,0
4039,0
4038,0
4037,0
4036,14
4035,16
4034,8
4033,19
4032,39
4031,80
4030,96
4029,0
4028,0
4027,0
4026,69
4025,72
4024,72
4023,100
4022,0
4021,0
4020,0
4019,0
4018,18
4017,0
4016,11
4015,1
4014,3
4013,8
4012,0
4011,0
4010,0
4009,0
4008,100
4007,0
4006,0
4005,50
4004,40
4003,0
4002,55
4001,80
4000,46
3999,0
3998,0
3997,0
3996,0
3995,0
3994,0
3993,0
3992,0
3991,0
3990,100
3989,65
3988,23
3987,0
3986,10
3985,0
3984,0
3983,0
3982,0
3981,4
3980,18
3979,7
3978,10
3977,18
3976,18
3975,40
3974,0
3973,64
3972,0
3971,80
3970,23
3969,76
3968,60
3967,79
3966,100
3965,100
3964,0
3963,0
3962,9
3961,0
3960,0
3959,4
3958,4
3957,2
3956,2
3955,0
3954,0
3953,0
3952,0
3951,100
3950,100
3949,0
3948,0
3947,0
3946,0
3945,0
3944,0
3943,0
3942,0
3941,0
3940,0
3939,100
3938,83
3937,47
3936,100
3935,0
3934,0
3933,37
3932,27
3931,47
3930,0
3929,0
3928,0
3927,100
3926,0
3925,40
3924,0
3923,20
3922,26
3921,40
3920,7
3919,6
3918,0
3917,0
3916,0
3915,0
3914,0
3913,0
3912,0
3911,100
3910,100
3909,87
3908,98
3907,67
3906,65
3905,66
3904,69
3903,100
3902,0
3901,0
3900,0
3899,15
3898,0
3897,0
3896,2
3895,2
3894,2
3893,0
3892,100
3891,0
3890,0
3889,0
3888,0
3887,0
3886,0
3885,0
3884,0
3883,0
3882,0
3881,0
3880,0
3879,0
3878,100
3877,48
3876,0
3875,100
3874,0
3873,51
3872,100
3871,0
3870,33
3869,100
3868,0
3867,0
3866,0
3865,0
3864,0
3863,0
3862,13
3861,0
3860,7
3859,49
3858,31
3857,29
3856,24
3855,0
3854,0
3853,0
3852,0
3851,0
3850,0
3849,0
3848,0
3847,0
3846,0
3845,0
3844,0
3843,100
3842,100
3841,100
3840,47
3839,58
3838,64
3837,46
3836,0
3835,100
3834,0
3833,0
3832,0
3831,7
3830,0
3829,2
3828,4
3827,4
3826,7
3825,0
3824,6
3823,100
3822,100
3821,0
3820,0
3819,0
3818,0
3817,0
3816,0
3815,0
3814,0
3813,0
3812,87
3811,51
3810,0
3809,0
3808,100
3807,0
3806,100
3805,88
3804,0
3803,100
3802,30
3801,31
3800,0
3799,0
3798,0
3797,0
3796,0
3795,0
3794,0
3793,100
3792,100
3791,53
3790,40
3789,0
3788,0
3787,0
3786,0
3785,0
3784,0
3783,0
3782,0
3781,0
3780,0
3779,0
3778,0
3777,0
3776,100
3775,100
3774,100
3773,99
3772,66
3771,66
3770,16
3769,0
3768,0
3767,0
3766,0
3765,0
3764,10
3763,5
3762,2
3761,2
3760,2
3759,0
3758,0
3757,64
3756,0
3755,0
3754,0
3753,0
3752,100
3751,100
3750,100
3749,0
3748,100
3747,0
3746,0
3745,0
3744,0
3743,0
3742,24
3741,0
3740,0
3739,100
3738,100
3737,0
3736,0
3735,32
3734,36
3733,34
3732,0
3731,0
3730,0
3729,100
3728,100
3727,100
3726,11
3725,76
3724,40
3723,38
3722,38
3721,0
3720,0
3719,0
3718,0
3717,0
3716,0
3715,0
3714,0
3713,0
3712,0
3711,100
3710,100
3709,100
3708,100
3707,98
3706,77
3705,60
3704,0
3703,0
3702,0
3701,100
3700,62
3699,10
3698,0
3697,8
3696,6
3695,1
3694,0
3693,0
3692,0
3691,0
3690,27
3689,0
3688,0
3687,100
3686,100
3685,100
3684,100
3683,100
3682,100
3681,0
3680,0
3679,91
3678,0
3677,0
3676,48
3675,0
3674,0
3673,100
3672,0
3671,0
3670,0
3669,38
3668,0
3667,0
3666,0
3665,0
3664,0
3663,0
3662,0
3661,0
3660,40
3659,42
3658,27
3657,30
3656,0
3655,0
3654,0
3653,0
3652,0
3651,0
3650,0
3649,0
3648,0
3647,100
3646,100
3645,100
3644,98
3643,97
3642,65
3641,12
3640,0
3639,0
3638,49
3637,51
3636,0
3635,12
3634,5
3633,0
3632,5
3631,2
3630,0
3629,0
3628,0
3627,3
3626,0
3625,0
3624,0
3623,100
3622,100
3621,100
3620,0
3619,0
3618,0
3617,0
3616,0
3615,0
3614,0
3613,42
3612,100
3611,100
3610,38
3609,64
3608,71
3607,60
3606,31
3605,0
3604,24
3603,0
3602,0
3601,0
3600,100
3599,26
3598,75
3597,57
3596,37
3595,100
3594,0
3593,0
3592,0
3591,0
3590,0
3589,0
3588,0
3587,7
3586,0
3585,0
3584,5
3583,100
3582,91
3581,81
3580,50
3579,10
3578,0
3577,0
3576,42
3575,40
3574,68
3573,0
3572,7
3571,6
3570,3
3569,0
3568,4
3567,0
3566,0
3565,0
3564,0
3563,3
3562,0
3561,0
3560,100
3559,100
3558,100
3557,0
3556,0
3555,0
3554,0
3553,68
3552,0
3551,0
3550,30
3549,52
3548,100
3547,0
3546,74
3545,87
3544,26
3543,0
3542,0
3541,23
3540,0
3539,0
3538,100
3537,100
3536,18
3535,12
3534,57
3533,0
3532,0
3531,100
3530,0
3529,0
3528,0
3527,0
3526,0
3525,14
3524,0
3523,0
3522,0
3521,0
3520,28
3519,98
3518,88
3517,90
3516,85
3515,89
3514,56
3513,52
3512,57
3511,52
3510,52
3509,10
3508,0
3507,6
3506,7
3505,0
3504,0
3503,0
3502,0
3501,0
3500,45
3499,0
3498,100
3497,0
3496,0
3495,100
3494,0
3493,100
3492,100
3491,0
3490,0
3489,0
3488,0
3487,0
3486,0
3485,100
3484,48
3483,82
3482,78
3481,88
3480,0
3479,0
3478,0
3477,0
3476,0
3475,17
3474,13
3473,6
3472,22
3471,100
3470,100
3469,95
3468,0
3467,0
3466,0
3465,0
3464,0
3463,0
3462,0
3461,0
3460,100
3459,90
3458,47
3457,38
3456,99
3455,89
3454,18
3453,2
3452,0
3451,0
3450,53
3449,48
3448,77
3447,64
3446,7
3445,4
3444,0
3443,1
3442,0
3441,0
3440,0
3439,56
3438,39
3437,34
3436,0
3435,0
3434,100
3433,0
3432,100
3431,100
3430,0
3429,0
3428,0
3427,0
3426,0
3425,0
3424,100
3423,69
3422,0
3421,70
3420,64
3419,67
3418,0
3417,0
3416,0
3415,0
3414,0
3413,0
3412,100
3411,100
3410,9
3409,0
3408,97
3407,0
3406,0
3405,0
3404,0
3403,0
3402,0
3401,0
3400,0
3399,92
3398,51
3397,0
3396,81
3395,81
3394,68
3393,79
3392,100
3391,0
3390,0
3389,62
3388,64
3387,82
3386,11
3385,5
3384,1
3383,0
3382,0
3381,0
3380,6
3379,100
3378,26
3377,21
3376,0
3375,0
3374,100
3373,0
3372,100
3371,100
3370,0
3369,0
3368,64
3367,0
3366,0
3365,0
3364,100
3363,100
3362,0
3361,100
3360,100
3359,59
3358,34
3357,0
3356,0
3355,0
3354,0
3353,0
3352,11
3351,4
3350,11
3349,0
3348,0
3347,0
3346,100
3345,100
3344,99
3343,100
3342,0
3341,0
3340,0
3339,0
3338,16
3337,0
3336,16
3335,37
3334,0
3333,0
3332,1
3331,47
3330,2
3329,54
3328,0
3327,67
3326,0
3325,64
3324,84
3323,8
3322,0
3321,1
3320,0
3319,0
3318,3
3317,6
3316,5
3315,65
3314,44
3313,7
3312,0
3311,100
3310,0
3309,100
3308,100
3307,100
3306,0
3305,74
3304,0
3303,0
3302,0
3301,0
3300,100
3299,0
3298,0
3297,100
3296,61
3295,59
3294,67
3293,0
3292,0
3291,0
3290,0
3289,0
3288,10
3287,0
3286,0
3285,0
3284,0
3283,3
3282,0
3281,0
3280,13
3279,0
3278,0
3277,0
3276,0
3275,88
3274,24
3273,0
3272,2
3271,40
3270,29
3269,0
3268,0
3267,0
3266,0
3265,83
3264,2
3263,18
3262,13
3261,3
3260,7
3259,2
3258,0
3257,0
3256,0
3255,100
3254,100
3253,76
3252,0
3251,0
3250,100
3249,100
3248,0
3247,0
3246,0
3245,100
3244,0
3243,59
3242,0
3241,100
3240,0
3239,100
3238,100
3237,100
3236,55
3235,0
3234,78
3233,0
3232,0
3231,0
3230,0
3229,0
3228,0
3227,0
3226,0
3225,0
3224,0
3223,0
3222,0
3221,100
3220,0
3219,0
3218,0
3217,0
3216,0
3215,0
3214,83
3213,38
3212,0
3211,0
3210,0
3209,26
3208,0
3207,2
3206,82
3205,8
3204,6
3203,4
3202,61
3201,9
3200,8
3199,5
3198,6
3197,13
3196,0
3195,11
3194,87
3193,85
3192,100
3191,63
3190,100
3189,100
3188,0
3187,0
3186,0
3185,0
3184,100
3183,0
3182,87
3181,79
3180,0
3179,0
3178,0
3177,100
3176,0
3175,52
3174,100
3173,0
3172,72
3171,0
3170,0
3169,0
3168,0
3167,70
3166,0
3165,0
3164,0
3163,0
3162,0
3161,0
3160,0
3159,0
3158,8
3157,0
3156,0
3155,0
3154,0
3153,0
3152,0
3151,31
3150,0
3149,1
3148,1
3147,100
3146,91
3145,1
3144,0
3143,0
3142,13
3141,5
3140,2
3139,3
3138,10
3137,14
3136,100
3135,66
3134,67
3133,100
3132,0
3131,100
3130,0
3129,0
3128,0
3127,100
3126,0
3125,0
3124,0
3123,0
3122,0
3121,0
3120,100
3119,0
3118,0
3117,38
3116,56
3115,0
3114,0
3113,0
3112,0
3111,0
3110,0
3109,0
3108,0
3107,0
3106,0
3105,100
3104,81
3103,100
3102,0
3101,0
3100,0
3099,0
3098,0
3097,2
3096,8
3095,0
3094,0
3093,0
3092,0
3091,1
3090,54
3089,0
3088,0
3087,0
3086,6
3085,1
3084,3
3083,3
3082,5
3081,6
3080,6
3079,100
3078,67
3077,100
3076,17
3075,0
3074,100
3073,0
3072,0
3071,0
3070,0
3069,0
3068,0
3067,0
3066,0
3065,0
3064,0
3063,0
3062,48
3061,32
3060,41
3059,0
3058,0
3057,0
3056,100
3055,100
3054,0
3053,0
3052,0
3051,0
3050,0
3049,0
3048,100
3047,0
3046,0
3045,0
3044,0
3043,0
3042,78
3041,27
3040,0
3039,0
3038,39
3037,57
3036,3
3035,77
3034,46
3033,0
3032,0
3031,0
3030,5
3029,2
3028,2
3027,6
3026,19
3025,21
3024,100
3023,100
3022,100
3021,81
3020,0
3019,0
3018,0
3017,0
3016,0
3015,0
3014,0
3013,90
3012,0
3011,0
3010,8
3009,0
3008,100
3007,14
3006,0
3005,0
3004,0
3003,0
3002,0
3001,0
3000,0
2999,0
2998,100
2997,0
2996,0
2995,0
2994,0
2993,0
2992,0
2991,100
2990,100
2989,0
2988,3
2987,0
2986,0
2985,0
2984,31
2983,6
2982,1
2981,0
2980,63
2979,4
2978,81
2977,42
2976,16
2975,0
2974,0
2973,4
2972,5
2971,4
2970,2
2969,17
2968,19
2967,29
2966,100
2965,100
2964,88
2963,41
2962,0
2961,0
2960,0
2959,0
2958,0
2957,0
2956,100
2955,0
2954,0
2953,0
2952,0
2951,0
2950,3
2949,0
2948,0
2947,0
2946,0
2945,0
2944,0
2943,0
2942,0
2941,100
2940,100
2939,0
2938,0
2937,0
2936,0
2935,100
2934,100
2933,0
2932,0
2931,0
2930,0
2929,0
2928,14
2927,0
2926,3
2925,63
2924,0
2923,0
2922,0
2921,6
2920,19
2919,0
2918,3
2917,0
2916,0
2915,5
2914,6
2913,4
2912,15
2911,17
2910,33
2909,33
2908,64
2907,25
2906,0
2905,100
2904,0
2903,100
2902,100
2901,0
2900,100
2899,100
2898,100
2897,0
2896,100
2895,0
2894,12
2893,0
2892,0
2891,0
2890,0
2889,0
2888,0
2887,0
2886,0
2885,0
2884,0
2883,0
2882,0
2881,100
2880,0
2879,0
2878,0
2877,0
2876,0
2875,100
2874,0
2873,0
2872,0
2871,0
2870,0
2869,24
2868,0
2867,1
2866,0
2865,16
2864,0
2863,0
2862,5
2861,7
2860,0
2859,4
2858,0
2857,6
2856,8
2855,5
2854,7
2853,20
2852,17
2851,29
2850,0
2849,56
2848,10
2847,0
2846,0
2845,0
2844,100
2843,0
2842,100
2841,100
2840,0
2839,10
2838,0
2837,0
2836,0
2835,0
2834,9
2833,0
2832,0
2831,0
2830,58
2829,0
2828,0
2827,100
2826,100
2825,0
2824,0
2823,0
2822,0
2821,100
2820,0
2819,0
2818,0
2817,0
2816,0
2815,0
2814,1
2813,0
2812,0
2811,0
2810,0
2809,0
2808,11
2807,10
2806,4
2805,0
2804,1
2803,2
2802,9
2801,10
2800,100
2799,100
2798,33
2797,0
2796,100
2795,60
2794,0
2793,0
2792,0
2791,0
2790,0
2789,0
2788,100
2787,0
2786,0
2785,0
2784,0
2783,0
2782,0
2781,0
2780,0
2779,0
2778,8
2777,0
2776,0
2775,0
2774,100
2773,0
2772,0
2771,0
2770,0
2769,100
2768,0
2767,0
2766,0
2765,0
2764,0
2763,0
2762,0
2761,0
2760,0
2759,0
2758,0
2757,0
2756,6
2755,9
2754,0
2753,0
2752,6
2751,3
2750,3
2749,12
2748,100
2747,100
2746,0
2745,39
2744,0
2743,74
2742,33
2741,0
2740,0
2739,0
2738,0
2737,0
2736,100
2735,0
2734,0
2733,0
2732,0
2731,0
2730,7
2729,0
2728,0
2727,0
2726,95
2725,0
2724,0
2723,100
2722,100
2721,0
2720,0
2719,0
2718,0
2717,100
2716,0
2715,0
2714,0
2713,0
2712,0
2711,0
2710,0
2709,0
2708,13
2707,0
2706,3
2705,3
2704,0
2703,0
2702,3
2701,4
2700,1
2699,2
2698,10
2697,11
2696,100
2695,30
2694,0
2693,0
2692,29
2691,23
2690,0
2689,0
2688,100
2687,0
2686,100
2685,10
2684,0
2683,0
2682,0
2681,0
2680,0
2679,0
2678,0
2677,0
2676,100
2675,0
2674,0
2673,100
2672,100
2671,0
2670,0
2669,0
2668,0
2667,100
2666,0
2665,0
2664,0
2663,0
2662,0
2661,0
2660,0
2659,0
2658,0
2657,0
2656,2
2655,0
2654,2
2653,0
2652,0
2651,2
2650,4
2649,3
2648,6
2647,9
2646,0
2645,70
2644,0
2643,0
2642,0
2641,40
2640,9
2639,100
2638,0
2637,100
2636,0
2635,100
2634,100
2633,0
2632,0
2631,0
2630,0
2629,27
2628,0
2627,0
2626,100
2625,100
2624,100
2623,100
2622,100
2621,100
2620,0
2619,0
2618,0
2617,100
2616,0
2615,0
2614,0
2613,0
2612,26
2611,0
2610,0
2609,0
2608,0
2607,0
2606,4
2605,6
2604,0
2603,0
2602,13
2601,8
2600,13
2599,14
2598,13
2597,9
2596,100
2595,54
2594,0
2593,0
2592,79
2591,65
2590,0
2589,0
2588,0
2587,0
2586,100
2585,100
2584,0
2583,0
2582,0
2581,0
2580,0
2579,0
2578,0
2577,100
2576,100
2575,100
2574,100
2573,100
2572,100
2571,0
2570,0
2569,0
2568,100
2567,100
2566,0
2565,0
2564,0
2563,0
2562,0
2561,0
2560,0
2559,0
2558,0
2557,0
2556,0
2555,2
2554,2
2553,10
2552,0
2551,0
2550,0
2549,100
2548,11
2547,0
2546,43
2545,66
2544,0
2543,0
2542,0
2541,83
2540,28
2539,100
2538,0
2537,100
2536,100
2535,48
2534,51
2533,0
2532,0
2531,92
2530,94
2529,0
2528,0
2527,0
2526,0
2525,0
2524,0
2523,0
2522,100
2521,100
2520,100
2519,100
2518,100
2517,100
2516,0
2515,0
2514,0
2513,0
2512,0
2511,0
2510,0
2509,0
2508,0
2507,0
2506,0
2505,0
2504,5
2503,0
2502,0
2501,0
2500,8
2499,0
2498,10
2497,0
2496,0
2495,0
2494,0
2493,0
2492,29
2491,16
2490,0
2489,0
2488,100
2487,20
2486,0
2485,0
2484,0
2483,100
2482,100
2481,0
2480,100
2479,100
2478,0
2477,100
2476,100
2475,0
2474,0
2473,0
2472,0
2471,0
2470,0
2469,0
2468,100
2467,100
2466,100
2465,100
2464,100
2463,100
2462,0
2461,0
2460,100
2459,0
2458,0
2457,17
2456,0
2455,0
2454,0
2453,0
2452,0
2451,0
2450,0
2449,0
2448,0
2447,2
2446,0
2445,0
2444,0
2443,0
2442,0
2441,44
2440,0
2439,0
2438,17
2437,34
2436,0
2435,0
2434,0
2433,45
2432,4
2431,0
2430,100
2429,0
2428,0
2427,100
2426,0
2425,100
2424,0
2423,0
2422,0
2421,100
2420,100
2419,0
2418,0
2417,0
2416,0
2415,0
2414,0
2413,100
2412,100
2411,100
2410,100
2409,98
2408,100
2407,86
2406,84
2405,0
2404,0
2403,0
2402,0
2401,0
2400,0
2399,0
2398,9
2397,0
2396,0
2395,0
2394,0
2393,0
2392,0
2391,100
2390,49
2389,62
2388,48
2387,100
2386,75
2385,28
2384,54
2383,65
2382,63
2381,42
2380,100
2379,74
2378,52
2377,0
2376,0
2375,100
2374,100
2373,100
2372,0
2371,0
2370,0
2369,0
2368,0
2367,0
2366,100
2365,0
2364,0
2363,0
2362,0
2361,0
2360,0
2359,0
2358,0
2357,0
2356,0
2355,100
2354,100
2353,100
2352,100
2351,100
2350,100
2349,100
2348,100
2347,100
2346,0
2345,0
2344,0
2343,0
2342,0
2341,0
2340,0
2339,0
2338,0
2337,0
2336,2
2335,3
2334,0
2333,0
2332,68
2331,100
2330,58
2329,61
2328,100
2327,54
2326,54
2325,56
2324,60
2323,59
2322,77
2321,72
2320,55
2319,28
2318,0
2317,100
2316,100
2315,0
2314,0
2313,0
2312,0
2311,0
2310,0
2309,100
2308,1
2307,0
2306,0
2305,0
2304,0
2303,100
2302,0
2301,0
2300,0
2299,0
2298,0
2297,0
2296,0
2295,100
2294,73
2293,6
2292,100
2291,100
2290,0
2289,10
2288,100
2287,100
2286,0
2285,0
2284,0
2283,0
2282,0
2281,0
2280,0
2279,0
2278,3
2277,0
2276,0
2275,0
2274,0
2273,25
2272,34
2271,38
2270,23
2269,49
2268,38
2267,18
2266,33
2265,32
2264,38
2263,31
2262,39
2261,43
2260,19
2259,0
2258,0
2257,100
2256,0
2255,100
2254,0
2253,100
2252,0
2251,100
2250,100
2249,100
2248,0
2247,0
2246,0
2245,0
2244,0
2243,0
2242,0
2241,0
2240,0
2239,0
2238,75
2237,95
2236,100
2235,32
2234,100
2233,100
2232,93
2231,100
2230,100
2229,0
2228,100
2227,0
2226,0
2225,0
2224,0
2223,0
2222,0
2221,0
2220,0
2219,0
2218,0
2217,0
2216,0
2215,0
2214,10
2213,24
2212,42
2211,25
2210,27
2209,43
2208,27
2207,33
2206,33
2205,42
2204,39
2203,41
2202,34
2201,31
2200,9
2199,0
2198,44
2197,0
2196,100
2195,100
2194,100
2193,0
2192,100
2191,100
2190,0
2189,0
2188,0
2187,100
2186,0
2185,0
2184,0
2183,0
2182,69
2181,0
2180,31
2179,0
2178,29
2177,100
2176,3
2175,100
2174,0
2173,100
2172,100
2171,0
2170,0
2169,0
2168,0
2167,0
2166,0
2165,0
2164,0
2163,0
2162,0
2161,0
2160,0
2159,24
2158,66
2157,60
2156,67
2155,72
2154,69
2153,63
2152,52
2151,68
2150,76
2149,100
2148,72
2147,80
2146,73
2145,61
2144,0
2143,0
2142,0
2141,100
2140,100
2139,100
2138,0
2137,0
2136,0
2135,0
2134,83
2133,0
2132,0
2131,0
2130,0
2129,0
2128,0
2127,0
2126,83
2125,89
2124,83
2123,99
2122,71
2121,100
2120,100
2119,100
2118,0
2117,0
2116,0
2115,0
2114,0
2113,0
2112,0
2111,0
2110,0
2109,0
2108,0
2107,0
2106,0
2105,43
2104,61
2103,64
2102,59
2101,65
2100,60
2099,58
2098,68
2097,78
2096,89
2095,78
2094,82
2093,81
2092,69
2091,48
2090,100
2089,1
2088,0
2087,100
2086,100
2085,100
2084,0
2083,100
2082,0
2081,0
2080,96
2079,58
2078,0
2077,0
2076,0
2075,0
2074,0
2073,0
2072,21
2071,42
2070,96
2069,0
2068,100
2067,2
2066,10
2065,100
2064,0
2063,0
2062,0
2061,0
2060,0
2059,0
2058,0
2057,0
2056,0
2055,0
2054,3
2053,0
2052,0
2051,0
2050,11
2049,28
2048,30
2047,32
2046,35
2045,29
2044,35
2043,33
2042,56
2041,100
2040,59
2039,54
2038,82
2037,59
2036,36
2035,0
2034,0
2033,100
2032,0
2031,100
2030,3
2029,0
2028,2
2027,100
2026,100
2025,100
2024,0
2023,0
2022,0
2021,0
2020,0
2019,0
2018,0
2017,35
2016,0
2015,0
2014,0
2013,60
2012,0
2011,11
2010,0
2009,100
2008,0
2007,100
2006,100
2005,0
2004,0
2003,0
2002,0
2001,0
2000,0
1999,0
1998,0
1997,0
1996,0
1995,0
1994,0
1993,4
1992,5
1991,28
1990,32
1989,32
1988,32
1987,39
1986,29
1985,34
1984,50
1983,58
1982,65
1981,57
1980,100
1979,100
1978,51
1977,46
1976,1
1975,0
1974,0
1973,100
1972,3
1971,99
1970,57
1969,100
1968,0
1967,0
1966,0
1965,0
1964,0
1963,0
1962,0
1961,0
1960,0
1959,0
1958,0
1957,0
1956,1
1955,0
1954,0
1953,5
1952,11
1951,100
1950,100
1949,0
1948,100
1947,100
1946,0
1945,0
1944,0
1943,0
1942,0
1941,0
1940,0
1939,0
1938,0
1937,0
1936,0
1935,23
1934,55
1933,63
1932,66
1931,59
1930,57
1929,69
1928,65
1927,65
1926,75
1925,100
1924,80
1923,86
1922,87
1921,100
1920,85
1919,100
1918,99
1917,0
1916,100
1915,100
1914,0
1913,7
1912,100
1911,100
1910,0
1909,0
1908,0
1907,0
1906,0
1905,0
1904,0
1903,0
1902,0
1901,0
1900,0
1899,0
1898,0
1897,0
1896,0
1895,0
1894,0
1893,0
1892,100
1891,0
1890,0
1889,0
1888,0
1887,0
1886,0
1885,0
1884,0
1883,0
1882,0
1881,0
1880,0
1879,53
1878,56
1877,65
1876,61
1875,59
1874,62
1873,62
1872,68
1871,68
1870,78
1869,82
1868,89
1867,94
1866,100
1865,100
1864,82
1863,100
1862,100
1861,0
1860,0
1859,100
1858,36
1857,9
1856,58
1855,55
1854,100
1853,0
1852,100
1851,0
1850,0
1849,0
1848,0
1847,0
1846,0
1845,0
1844,0
1843,0
1842,0
1841,0
1840,0
1839,0
1838,0
1837,100
1836,0
1835,0
1834,0
1833,0
1832,0
1831,0
1830,0
1829,0
1828,0
1827,0
1826,0
1825,0
1824,0
1823,0
1822,0
1821,0
1820,0
1819,8
1818,30
1817,30
1816,35
1815,20
1814,21
1813,30
1812,30
1811,37
1810,40
1809,57
1808,60
1807,100
1806,100
1805,77
1804,67
1803,75
1802,99
1801,0
1800,100
1799,65
1798,0
1797,0
1796,100
1795,100
1794,0
1793,0
1792,0
1791,100
1790,0
1789,0
1788,0
1787,0
1786,0
1785,0
1784,0
1783,100
1782,0
1781,0
1780,0
1779,0
1778,0
1777,0
1776,100
1775,0
1774,0
1773,0
1772,0
1771,0
1770,0
1769,4
1768,0
1767,0
1766,0
1765,0
1764,0
1763,24
1762,29
1761,34
1760,30
1759,20
1758,33
1757,32
1756,42
1755,41
1754,45
1753,65
1752,100
1751,100
1750,100
1749,60
1748,64
1747,100
1746,100
1745,100
1744,98
1743,45
1742,100
1741,73
1740,100
1739,0
1738,0
1737,0
1736,0
1735,0
1734,0
1733,0
1732,0
1731,0
1730,0
1729,0
1728,34
1727,0
1726,0
1725,0
1724,0
1723,0
1722,0
1721,0
1720,0
1719,0
1718,0
1717,0
1716,0
1715,35
1714,65
1713,69
1712,67
1711,56
1710,58
1709,66
1708,75
1707,87
1706,72
1705,86
1704,100
1703,100
1702,95
1701,84
1700,100
1699,100
1698,0
1697,0
1696,100
1695,100
1694,75
1693,100
1692,0
1691,0
1690,0
1689,0
1688,0
1687,0
1686,0
1685,0
1684,0
1683,0
1682,100
1681,83
1680,83
1679,0
1678,0
1677,0
1676,0
1675,0
1674,0
1673,0
1672,0
1671,0
1670,5
1669,0
1668,0
1667,0
1666,60
1665,69
1664,69
1663,60
1662,61
1661,71
1660,61
1659,83
1658,82
1657,90
1656,100
1655,100
1654,100
1653,82
1652,79
1651,82
1650,100
1649,100
1648,0
1647,0
1646,100
1645,100
1644,100
1643,100
1642,100
1641,100
1640,0
1639,0
1638,0
1637,0
1636,0
1635,0
1634,100
1633,0
1632,90
1631,100
1630,0
1629,60
1628,0
1627,0
1626,0
1625,0
1624,0
1623,0
1622,0
1621,0
1620,0
1619,0
1618,0
1617,0
1616,0
1615,24
1614,29
1613,43
1612,30
1611,27
1610,35
1609,36
1608,47
1607,100
1606,65
1605,100
1604,100
1603,100
1602,100
1601,50
1600,52
1599,46
1598,0
1597,0
1596,0
1595,100
1594,100
1593,100
1592,99
1591,100
1590,54
1589,100
1588,0
1587,0
1586,0
1585,0
1584,0
1583,0
1582,100
1581,100
1580,0
1579,71
1578,94
1577,0
1576,0
1575,0
1574,0
1573,0
1572,0
1571,0
1570,0
1569,0
1568,0
1567,0
1566,0
1565,6
1564,35
1563,36
1562,41
1561,28
1560,35
1559,55
1558,47
1557,72
1556,100
1555,100
1554,100
1553,100
1552,83
1551,49
1550,44
1549,43
1548,18
1547,0
1546,0
1545,81
1544,0
1543,0
1542,0
1541,0
1540,0
1539,100
1538,100
1537,95
1536,100
1535,0
1534,0
1533,100
1532,100
1531,100
1530,0
1529,100
1528,100
1527,99
1526,87
1525,80
1524,0
1523,96
1522,43
1521,0
1520,0
1519,0
1518,0
1517,0
1516,0
1515,0
1514,0
1513,0
1512,0
1511,0
1510,0
1509,26
1508,58
1507,66
1506,68
1505,72
1504,71
1503,74
1502,100
1501,89
1500,100
1499,100
1498,100
1497,100
1496,88
1495,75
1494,62
1493,66
1492,65
1491,0
1490,0
1489,100
1488,100
1487,0
1486,0
1485,0
1484,100
1483,100
1482,100
1481,100
1480,100
1479,54
1478,100
1477,0
1476,0
1475,0
1474,100
1473,100
1472,93
1471,82
1470,100
1469,87
1468,100
1467,80
1466,100
1465,0
1464,0
1463,0
1462,0
1461,0
1460,0
1459,0
1458,0
1457,0
1456,0
1455,0
1454,0
1453,0
1452,0
1451,50
1450,71
1449,66
1448,65
1447,85
1446,80
1445,100
1444,93
1443,100
1442,100
1441,86
1440,90
1439,84
1438,77
1437,65
1436,67
1435,56
1434,40
1433,0
1432,0
1431,81
1430,100
1429,0
1428,0
1427,0
1426,100
1425,57
1424,100
1423,100
1422,99
1421,0
1420,100
1419,100
1418,100
1417,100
1416,47
1415,100
1414,100
1413,99
1412,27
1411,0
1410,0
1409,100
1408,0
1407,100
1406,0
1405,0
1404,0
1403,0
1402,0
1401,0
1400,0
1399,0
1398,0
1397,0
1396,0
1395,0
1394,0
1393,15
1392,44
1391,32
1390,37
1389,54
1388,74
1387,100
1386,100
1385,100
1384,54
1383,50
1382,51
1381,49
1380,47
1379,32
1378,30
1377,36
1376,26
1375,0
1374,0
1373,0
1372,94
1371,0
1370,0
1369,100
1368,100
1367,100
1366,100
1365,100
1364,100
1363,100
1362,100
1361,100
1360,100
1359,99
1358,100
1357,0
1356,22
1355,76
1354,100
1353,0
1352,100
1351,0
1350,100
1349,0
1348,0
1347,0
1346,0
1345,0
1344,0
1343,0
1342,0
1341,0
1340,0
1339,0
1338,3
1337,11
1336,28
1335,48
1334,38
1333,51
1332,100
1331,66
1330,80
1329,100
1328,61
1327,47
1326,47
1325,49
1324,37
1323,40
1322,16
1321,34
1320,35
1319,8
1318,0
1317,0
1316,79
1315,100
1314,0
1313,100
1312,0
1311,0
1310,98
1309,100
1308,100
1307,100
1306,100
1305,100
1304,100
1303,100
1302,100
1301,100
1300,90
1299,100
1298,100
1297,51
1296,98
1295,0
1294,0
1293,100
1292,0
1291,0
1290,0
1289,0
1288,0
1287,0
1286,0
1285,0
1284,0
1283,0
1282,0
1281,0
1280,0
1279,23
1278,49
1277,62
1276,67
1275,81
1274,84
1273,90
1272,100
1271,87
1270,84
1269,88
1268,65
1267,66
1266,72
1265,76
1264,65
1263,54
1262,66
1261,69
1260,67
1259,0
1258,100
1257,0
1256,78
1255,85
1254,0
1253,0
1252,100
1251,0
1250,0
1249,0
1248,100
1247,100
1246,100
1245,100
1244,100
1243,100
1242,100
1241,100
1240,100
1239,100
1238,100
1237,60
1236,0
1235,0
1234,99
1233,99
1232,0
1231,0
1230,100
1229,0
1228,0
1227,0
1226,0
1225,0
1224,0
1223,0
1222,0
1221,0
1220,0
1219,0
1218,0
1217,0
1216,36
1215,63
1214,80
1213,83
1212,91
1211,100
1210,100
1209,87
1208,100
1207,79
1206,76
1205,65
1204,68
1203,73
1202,64
1201,67
1200,58
1199,67
1198,62
1197,33
1196,0
1195,79
1194,0
1193,0
1192,0
1191,100
1190,0
1189,0
1188,100
1187,100
1186,100
1185,100
1184,100
1183,100
1182,100
1181,100
1180,100
1179,100
1178,0
1177,28
1176,73
1175,0
1174,0
1173,0
1172,0
1171,0
1170,0
1169,0
1168,0
1167,0
1166,0
1165,0
1164,0
1163,0
1162,0
1161,0
1160,0
1159,5
1158,15
1157,50
1156,70
1155,100
1154,100
1153,100
1152,100
1151,40
1150,40
1149,32
1148,23
1147,32
1146,21
1145,37
1144,25
1143,21
1142,31
1141,27
1140,19
1139,0
1138,100
1137,100
1136,0
1135,0
1134,100
1133,100
1132,100
1131,100
1130,100
1129,100
1128,99
1127,2
1126,100
1125,0
1124,100
1123,0
1122,0
1121,0
1120,0
1119,0
1118,0
1117,0
1116,0
1115,0
1114,0
1113,0
1112,0
1111,0
1110,0
1109,0
1108,0
1107,0
1106,11
1105,33
1104,100
1103,78
1102,100
1101,100
1100,29
1099,18
1098,28
1097,22
1096,21
1095,15
1094,22
1093,21
1092,22
1091,20
1090,21
1089,23
1088,19
1087,3
1086,100
1085,0
1084,100
1083,100
1082,100
1081,95
1080,100
1079,100
1078,100
1077,100
1076,100
1075,58
1074,0
1073,0
1072,0
1071,0
1070,0
1069,0
1068,0
1067,0
1066,0
1065,0
1064,0
1063,0
1062,0
1061,0
1060,0
1059,0
1058,28
1057,49
1056,78
1055,100
1054,100
1053,0
1052,0
1051,0
1050,35
1049,44
1048,45
1047,36
1046,38
1045,46
1044,56
1043,37
1042,31
1041,39
1040,34
1039,41
1038,0
1037,100
1036,100
1035,0
1034,100
1033,0
1032,100
1031,100
1030,100
1029,0
1028,0
1027,0
1026,100
1025,0
1024,0
1023,0
1022,0
1021,0
1020,0
1019,0
1018,0
1017,0
1016,0
1015,0
1014,0
1013,0
1012,0
1011,5
1010,16
1009,44
1008,100
1007,100
1006,38
1005,0
1004,0
1003,3
1002,22
1001,10
1000,19
999,10
998,15
997,26
996,20
995,18
994,16
993,15
992,10
991,4
990,100
989,0
988,0
987,100
986,0
985,100
984,100
983,0
982,100
981,0
980,0
979,0
978,0
977,0
976,0
975,0
974,0
973,0
972,0
971,0
970,0
969,0
968,6
967,27
966,31
965,64
964,100
963,52
962,0
961,0
960,0
959,17
958,19
957,18
956,17
955,27
954,19
953,29
952,22
951,17
950,22
949,20
948,17
947,0
946,0
945,100
944,0
943,100
942,0
941,100
940,100
939,100
938,0
937,0
936,0
935,0
934,0
933,0
932,0
931,0
930,0
929,0
928,0
927,0
926,0
925,26
924,53
923,72
922,93
921,100
920,100
919,0
918,0
917,0
916,26
915,63
914,49
913,61
912,59
911,53
910,67
909,61
908,58
907,55
906,67
905,51
904,23
903,0
902,100
901,0
900,0
899,100
898,100
897,100
896,100
895,100
894,100
893,0
892,0
891,0
890,0
889,0
888,0
887,0
886,0
885,0
884,0
883,0
882,0
881,0
880,42
879,88
878,100
877,100
876,86
875,67
874,0
873,0
872,0
871,46
870,51
869,57
868,57
867,61
866,68
865,70
864,66
863,49
862,63
861,61
860,62
859,0
858,0
857,0
856,100
855,100
854,100
853,0
852,0
851,0
850,100
849,0
848,100
847,0
846,0
845,0
844,0
843,0
842,0
841,0
840,0
839,0
838,0
837,0
836,0
835,8
834,43
833,100
832,100
831,50
830,34
829,0
828,0
827,0
826,2
825,26
824,21
823,27
822,31
821,36
820,32
819,32
818,35
817,22
816,36
815,26
814,3
813,100
812,0
811,100
810,100
809,100
808,100
807,0
806,0
805,100
804,100
803,100
802,100
801,0
800,0
799,0
798,0
797,0
796,0
795,0
794,0
793,0
792,0
791,0
790,0
789,0
788,32
787,100
786,72
785,61
784,39
783,8
782,0
781,0
780,0
779,16
778,21
777,38
776,26
775,47
774,32
773,32
772,39
771,27
770,38
769,32
768,32
767,0
766,0
765,0
764,0
763,100
762,100
761,100
760,0
759,0
758,100
757,100
756,100
755,100
754,99
753,0
752,0
751,0
750,0
749,0
748,0
747,0
746,0
745,0
744,0
743,0
742,0
741,100
740,72
739,94
738,77
737,62
736,72
735,0
734,0
733,0
732,25
731,54
730,52
729,68
728,67
727,67
726,63
725,57
724,66
723,59
722,63
721,63
720,40
719,0
718,0
717,100
716,100
715,100
714,100
713,0
712,100
711,75
710,0
709,0
708,0
707,0
706,0
705,0
704,0
703,0
702,0
701,0
700,0
699,0
698,6
697,34
696,58
695,72
694,68
693,69
692,72
691,41
690,0
689,0
688,0
687,39
686,50
685,73
684,70
683,67
682,65
681,65
680,67
679,60
678,57
677,62
676,65
675,0
674,0
673,0
672,100
671,100
670,100
669,100
668,100
667,100
666,75
665,100
664,83
663,0
662,0
661,0
660,0
659,0
658,0
657,0
656,0
655,0
654,5
653,0
652,0
651,1
650,11
649,10
648,33
647,19
646,25
645,0
644,0
643,0
642,2
641,24
640,23
639,30
638,43
637,39
636,22
635,28
634,41
633,21
632,30
631,30
630,8
629,0
628,0
627,0
626,28
625,100
624,99
623,100
622,100
621,100
620,0
619,0
618,0
617,0
616,0
615,0
614,0
613,0
612,0
611,0
610,0
609,0
608,0
607,0
606,16
605,32
604,33
603,6
602,0
601,0
600,0
599,20
598,25
597,28
596,28
595,40
594,32
593,26
592,28
591,36
590,27
589,28
588,20
587,0
586,0
585,100
584,16
583,100
582,100
581,100
580,100
579,0
578,0
577,0
576,0
575,0
574,0
573,0
572,0
571,4
570,6
569,0
568,0
567,0
566,0
565,0
564,61
563,67
562,57
561,0
560,0
559,0
558,53
557,58
556,53
555,61
554,71
553,72
552,61
551,58
550,71
549,59
548,65
547,61
546,34
545,0
544,99
543,100
542,0
541,100
540,1
539,0
538,0
537,0
536,0
535,0
534,0
533,0
532,0
531,4
530,0
529,0
528,0
527,0
526,0
525,41
524,70
523,60
522,37
521,0
520,0
519,27
518,59
517,65
516,57
515,58
514,73
513,65
512,63
511,68
510,60
509,49
508,64
507,61
506,0
505,21
504,0
503,99
502,100
501,10
500,0
499,0
498,0
497,0
496,0
495,0
494,0
493,0
492,0
491,0
490,0
489,0
488,0
487,0
486,0
485,0
484,18
483,28
482,31
481,5
480,0
479,5
478,18
477,36
476,31
475,32
474,29
473,37
472,24
471,29
470,30
469,24
468,32
467,32
466,7
465,0
464,100
463,100
462,4
461,5
460,5
459,0
458,0
457,0
456,0
455,0
454,2
453,0
452,0
451,0
450,0
449,0
448,0
447,0
446,0
445,9
444,24
443,27
442,18
441,8
440,11
439,23
438,37
437,38
436,26
435,27
434,28
433,30
432,30
431,33
430,24
429,30
428,25
427,23
426,0
425,0
424,100
423,100
422,4
421,4
420,0
419,0
418,0
417,0
416,0
415,0
414,0
413,0
412,0
411,0
410,0
409,0
408,0
407,0
406,0
405,55
404,57
403,58
402,52
401,48
400,49
399,66
398,74
397,69
396,67
395,59
394,62
393,60
392,62
391,56
390,56
389,60
388,51
387,35
386,55
385,100
384,0
383,0
382,0
381,0
380,0
379,0
378,0
377,4
376,3
375,0
374,0
373,0
372,0
371,0
370,0
369,0
368,0
367,39
366,52
365,51
364,57
363,53
362,54
361,62
360,55
359,73
358,72
357,63
356,49
355,59
354,66
353,63
352,52
351,57
350,65
349,59
348,0
347,100
346,3
345,0
344,0
343,0
342,0
341,0
340,0
339,0
338,5
337,0
336,0
335,1
334,0
333,0
332,0
331,0
330,0
329,21
328,26
327,24
326,28
325,27
324,29
323,28
322,35
321,32
320,28
319,31
318,33
317,30
316,29
315,25
314,28
313,33
312,26
311,6
310,88
309,100
308,2
307,0
306,0
305,0
304,0
303,0
302,0
301,0
300,0
299,0
298,0
297,11
296,4
295,0
294,0
293,0
292,0
291,5
290,27
289,28
288,30
287,22
286,25
285,31
284,29
283,34
282,25
281,18
280,26
279,27
278,33
277,31
276,26
275,25
274,26
273,22
272,0
271,100
270,0
269,0
268,0
267,0
266,0
265,0
264,0
263,0
262,1
261,0
260,0
259,74
258,59
257,23
256,0
255,0
254,0
253,0
252,54
251,62
250,61
249,55
248,62
247,63
246,70
245,63
244,52
243,44
242,57
241,60
240,58
239,63
238,63
237,68
236,55
235,53
234,37
233,90
232,0
231,0
230,0
229,0
228,0
227,0
226,0
225,0
224,6
223,0
222,0
221,0
220,73
219,77
218,48
217,0
216,0
215,0
214,0
213,38
212,63
211,55
210,49
209,59
208,61
207,54
206,50
205,49
204,49
203,55
202,48
201,59
200,68
199,61
198,60
197,46
196,62
195,53
194,0
193,100
192,1
191,0
190,0
189,0
188,0
187,0
186,0
185,3
184,3
183,0
182,0
181,27
180,100
179,24
178,1
177,0
176,0
175,0
174,0
173,13
172,18
171,18
170,17
169,13
168,22
167,16
166,11
165,13
164,16
163,14
162,20
161,15
160,22
159,15
158,17
157,18
156,26
155,10
154,90
153,0
152,1
151,0
150,0
149,0
148,0
147,0
146,0
145,3
144,0
143,0
142,45
141,100
140,32
139,5
138,0
137,0
136,0
135,0
134,2
133,10
132,8
131,9
130,4
129,9
128,7
127,10
126,7
125,5
124,12
123,11
122,10
121,6
120,9
119,9
118,12
117,12
116,12
115,0
114,1
113,0
112,0
111,0
110,0
109,0
108,0
107,0
106,0
105,0
104,47
103,100
102,86
101,27
100,4
99,0
98,0
97,0
96,0
95,9
94,31
93,14
92,10
91,8
90,20
89,36
88,17
87,12
86,11
85,23
84,23
83,12
82,23
81,20
80,27
79,23
78,46
77,100
76,0
75,0
74,0
73,0
72,0
71,0
70,5
69,15
68,0
67,36
66,100
65,100
64,0
63,0
62,0
61,0
60,0
59,0
58,0
57,0
56,0
55,0
54,0
53,0
52,0
51,0
50,0
49,0
48,0
47,0
46,0
45,0
44,0
43,0
42,0
41,0
40,0
39,0
38,0
37,0
36,0
35,0
34,0
33,0
32,0
31,4
30,0
29,0
28,89
27,91
26,92
25,0
24,0
23,0
22,0
21,0
20,0
19,0
18,0
17,0
16,0
15,0
14,0
13,0
12,0
11,0
10,0
9,0
8,0
7,0
6,0
5,0
4,0
3,0
2,92
1,0
