"Conservation Feature","Feature Name","Target","Amount Held","Occurrence Target ","Occurrences Held","Separation Target ","Separation Achieved","Target Met","MPM"
20,,1528.000000,1528.000000,0,1528,0,0,yes,1.000000
19,,1540455000.000000,1539570000.000000,0,571,0,0,no,0.999425
18,,429297000.000000,551070000.000000,0,150,0,0,yes,1.000000
17,,1241586000.000000,1305710000.000000,0,586,0,0,yes,1.000000
16,,48534000.000000,49900000.000000,0,240,0,0,yes,1.000000
15,,1990737000.000000,1991450000.000000,0,583,0,0,yes,1.000000
14,,2901000.000000,2010000.000000,0,2,0,0,no,0.692865
13,,3347238000.000000,2921110000.000000,0,1034,0,0,no,0.872693
12,,1080336000.000000,800160000.000000,0,933,0,0,no,0.740658
11,,2150724000.000000,2149380000.000000,0,906,0,0,no,0.999375
10,,2024391000.000000,2021850000.000000,0,512,0,0,no,0.998745
9,,1075698000.000000,1003890000.000000,0,384,0,0,no,0.933245
8,,870981000.000000,506680000.000000,0,427,0,0,no,0.581735
7,,136449000.000000,95740000.000000,0,99,0,0,no,0.701654
6,,93306000.000000,93400000.000000,0,248,0,0,yes,1.000000
5,,120753000.000000,129150000.000000,0,486,0,0,yes,1.000000
4,,842415000.000000,842890000.000000,0,559,0,0,yes,1.000000
3,,45678000.000000,55690000.000000,0,221,0,0,yes,1.000000
2,,145032000.000000,228760000.000000,0,746,0,0,yes,1.000000
1,,215232000.000000,215260000.000000,0,437,0,0,yes,1.000000
