"Conservation Feature","Feature Name","Target","Amount Held","Occurrence Target ","Occurrences Held","Separation Target ","Separation Achieved","Target Met","MPM"
20,,1528.000000,1528.000000,0,1528,0,0,yes,1.000000
19,,1540455000.000000,1540240000.000000,0,572,0,0,no,0.999860
18,,429297000.000000,536280000.000000,0,147,0,0,yes,1.000000
17,,1241586000.000000,1293660000.000000,0,591,0,0,yes,1.000000
16,,48534000.000000,48540000.000000,0,241,0,0,yes,1.000000
15,,1990737000.000000,1990450000.000000,0,583,0,0,no,0.999856
14,,2901000.000000,2010000.000000,0,2,0,0,no,0.692865
13,,3347238000.000000,2871130000.000000,0,1025,0,0,no,0.857761
12,,1080336000.000000,789200000.000000,0,928,0,0,no,0.730513
11,,2150724000.000000,2150780000.000000,0,908,0,0,yes,1.000000
10,,2024391000.000000,2024320000.000000,0,515,0,0,no,0.999965
9,,1075698000.000000,1032040000.000000,0,393,0,0,no,0.959414
8,,870981000.000000,492920000.000000,0,426,0,0,no,0.565937
7,,136449000.000000,90590000.000000,0,98,0,0,no,0.663911
6,,93306000.000000,93350000.000000,0,245,0,0,yes,1.000000
5,,120753000.000000,131810000.000000,0,489,0,0,yes,1.000000
4,,842415000.000000,842500000.000000,0,575,0,0,yes,1.000000
3,,45678000.000000,58000000.000000,0,227,0,0,yes,1.000000
2,,145032000.000000,232240000.000000,0,744,0,0,yes,1.000000
1,,215232000.000000,212040000.000000,0,452,0,0,no,0.985169
