"Conservation Feature","Feature Name","Target","Amount Held","Occurrence Target ","Occurrences Held","Separation Target ","Separation Achieved","Target Met","MPM"
20,,1528.000000,1528.000000,0,1528,0,0,yes,1.000000
19,,1540455000.000000,1540470000.000000,0,568,0,0,yes,1.000000
18,,429297000.000000,588340000.000000,0,160,0,0,yes,1.000000
17,,1241586000.000000,1306730000.000000,0,594,0,0,yes,1.000000
16,,48534000.000000,49980000.000000,0,240,0,0,yes,1.000000
15,,1990737000.000000,1990340000.000000,0,589,0,0,no,0.999801
14,,2901000.000000,2010000.000000,0,2,0,0,no,0.692865
13,,3347238000.000000,2960950000.000000,0,1039,0,0,no,0.884595
12,,1080336000.000000,798080000.000000,0,924,0,0,no,0.738733
11,,2150724000.000000,2150650000.000000,0,896,0,0,no,0.999966
10,,2024391000.000000,2023520000.000000,0,509,0,0,no,0.999570
9,,1075698000.000000,1013350000.000000,0,383,0,0,no,0.942039
8,,870981000.000000,511950000.000000,0,432,0,0,no,0.587785
7,,136449000.000000,94420000.000000,0,97,0,0,no,0.691980
6,,93306000.000000,93290000.000000,0,248,0,0,no,0.999829
5,,120753000.000000,128020000.000000,0,480,0,0,yes,1.000000
4,,842415000.000000,831870000.000000,0,558,0,0,no,0.987482
3,,45678000.000000,53670000.000000,0,222,0,0,yes,1.000000
2,,145032000.000000,222810000.000000,0,738,0,0,yes,1.000000
1,,215232000.000000,215240000.000000,0,439,0,0,yes,1.000000
