"Conservation Feature","Feature Name","Target","Amount Held","Occurrence Target ","Occurrences Held","Separation Target ","Separation Achieved","Target Met","MPM"
20,,1528.000000,1528.000000,0,1528,0,0,yes,1.000000
19,,1540455000.000000,1540440000.000000,0,571,0,0,no,0.999990
18,,429297000.000000,556250000.000000,0,151,0,0,yes,1.000000
17,,1241586000.000000,1292690000.000000,0,592,0,0,yes,1.000000
16,,48534000.000000,48540000.000000,0,233,0,0,yes,1.000000
15,,1990737000.000000,1991210000.000000,0,581,0,0,yes,1.000000
14,,2901000.000000,2010000.000000,0,2,0,0,no,0.692865
13,,3347238000.000000,2908810000.000000,0,1028,0,0,no,0.869018
12,,1080336000.000000,777430000.000000,0,923,0,0,no,0.719619
11,,2150724000.000000,2150070000.000000,0,905,0,0,no,0.999696
10,,2024391000.000000,2024210000.000000,0,513,0,0,no,0.999911
9,,1075698000.000000,973440000.000000,0,374,0,0,no,0.904938
8,,870981000.000000,513540000.000000,0,430,0,0,no,0.589611
7,,136449000.000000,95960000.000000,0,98,0,0,no,0.703266
6,,93306000.000000,93310000.000000,0,250,0,0,yes,1.000000
5,,120753000.000000,127000000.000000,0,489,0,0,yes,1.000000
4,,842415000.000000,833780000.000000,0,570,0,0,no,0.989750
3,,45678000.000000,53900000.000000,0,225,0,0,yes,1.000000
2,,145032000.000000,235280000.000000,0,746,0,0,yes,1.000000
1,,215232000.000000,215290000.000000,0,437,0,0,yes,1.000000
