"Conservation Feature","Feature Name","Target","Amount Held","Occurrence Target ","Occurrences Held","Separation Target ","Separation Achieved","Target Met","MPM"
20,,1528.000000,1528.000000,0,1528,0,0,yes,1.000000
19,,1540455000.000000,1540450000.000000,0,581,0,0,no,0.999997
18,,429297000.000000,552800000.000000,0,151,0,0,yes,1.000000
17,,1241586000.000000,1271180000.000000,0,586,0,0,yes,1.000000
16,,48534000.000000,48590000.000000,0,239,0,0,yes,1.000000
15,,1990737000.000000,1990440000.000000,0,581,0,0,no,0.999851
14,,2901000.000000,2010000.000000,0,2,0,0,no,0.692865
13,,3347238000.000000,2938400000.000000,0,1035,0,0,no,0.877858
12,,1080336000.000000,773040000.000000,0,921,0,0,no,0.715555
11,,2150724000.000000,2150850000.000000,0,901,0,0,yes,1.000000
10,,2024391000.000000,2024210000.000000,0,511,0,0,no,0.999911
9,,1075698000.000000,1010750000.000000,0,382,0,0,no,0.939622
8,,870981000.000000,489660000.000000,0,422,0,0,no,0.562194
7,,136449000.000000,86970000.000000,0,93,0,0,no,0.637381
6,,93306000.000000,93380000.000000,0,245,0,0,yes,1.000000
5,,120753000.000000,131980000.000000,0,486,0,0,yes,1.000000
4,,842415000.000000,826380000.000000,0,562,0,0,no,0.980965
3,,45678000.000000,55690000.000000,0,222,0,0,yes,1.000000
2,,145032000.000000,226110000.000000,0,743,0,0,yes,1.000000
1,,215232000.000000,215290000.000000,0,438,0,0,yes,1.000000
