"Conservation Feature","Feature Name","Target","Amount Held","Occurrence Target ","Occurrences Held","Separation Target ","Separation Achieved","Target Met","MPM"
20,,1528.000000,1528.000000,0,1528,0,0,yes,1.000000
19,,1540455000.000000,1539310000.000000,0,570,0,0,no,0.999257
18,,429297000.000000,547360000.000000,0,150,0,0,yes,1.000000
17,,1241586000.000000,1282090000.000000,0,595,0,0,yes,1.000000
16,,48534000.000000,48790000.000000,0,237,0,0,yes,1.000000
15,,1990737000.000000,1990850000.000000,0,578,0,0,yes,1.000000
14,,2901000.000000,2010000.000000,0,2,0,0,no,0.692865
13,,3347238000.000000,2877280000.000000,0,1030,0,0,no,0.859598
12,,1080336000.000000,801210000.000000,0,924,0,0,no,0.741630
11,,2150724000.000000,2149000000.000000,0,900,0,0,no,0.999198
10,,2024391000.000000,2023220000.000000,0,512,0,0,no,0.999422
9,,1075698000.000000,1015750000.000000,0,391,0,0,no,0.944271
8,,870981000.000000,517120000.000000,0,428,0,0,no,0.593721
7,,136449000.000000,97910000.000000,0,102,0,0,no,0.717557
6,,93306000.000000,93330000.000000,0,251,0,0,yes,1.000000
5,,120753000.000000,128140000.000000,0,487,0,0,yes,1.000000
4,,842415000.000000,838760000.000000,0,569,0,0,no,0.995661
3,,45678000.000000,55280000.000000,0,232,0,0,yes,1.000000
2,,145032000.000000,227790000.000000,0,739,0,0,yes,1.000000
1,,215232000.000000,215230000.000000,0,458,0,0,no,0.999991
